VERSION:1
CELLWIDTH:0.11111111
CELLHEIGHT:0.11111111
NUMCELLS:61
NUMVERTS:150
NUMEDGES:132
ROBBERCELL:-1
CELL:0.3888889,0.5,6,0,1,2,3,4,5,1,0,4
CELL:0.47222224,0.44444445,6,2,6,7,8,9,3,5,2,3
CELL:0.5555556,0.3888889,6,7,10,11,12,13,8,5,5,0
CELL:0.63888896,0.33333334,6,11,14,15,16,17,12,5,9,0
CELL:0.7222223,0.2777778,6,15,18,19,20,21,16,2,0,0
CELL:0.7222223,0.3888889,6,17,16,21,22,23,24,2,0,0
CELL:0.63888896,0.44444445,6,13,12,17,24,25,26,5,8,2
CELL:0.7222223,0.5,6,25,24,23,27,28,29,3,0,2
CELL:0.5555556,0.5,6,9,8,13,26,30,31,5,8,2
CELL:0.63888896,0.5555556,6,30,26,25,29,32,33,5,6,2
CELL:0.7222223,0.61111116,6,32,29,28,34,35,36,2,0,0
CELL:0.47222224,0.5555556,6,4,3,9,31,37,38,5,6,0
CELL:0.5555556,0.61111116,6,37,31,30,33,39,40,5,6,0
CELL:0.63888896,0.66666675,6,39,33,32,36,41,42,5,10,0
CELL:0.7222223,0.7222223,6,41,36,35,43,44,45,2,0,0
CELL:0.30555555,0.44444445,6,46,47,48,1,0,49,5,5,2
CELL:0.22222222,0.3888889,6,50,51,52,47,46,53,5,10,0
CELL:0.1388889,0.33333334,6,54,55,56,51,50,57,5,8,0
CELL:0.055555567,0.2777778,6,58,59,60,55,54,61,2,0,0
CELL:0.055555567,0.3888889,6,62,61,54,57,63,64,2,0,0
CELL:0.1388889,0.44444445,6,63,57,50,53,65,66,5,11,1
CELL:0.055555567,0.5,6,67,64,63,66,68,69,3,0,1
CELL:0.22222222,0.5,6,65,53,46,49,70,71,5,12,1
CELL:0.1388889,0.5555556,6,68,66,65,71,72,73,5,3,1
CELL:0.055555567,0.61111116,6,74,69,68,73,75,76,2,0,4
CELL:0.30555555,0.5555556,6,70,49,0,5,77,78,5,9,4
CELL:0.22222222,0.61111116,6,72,71,70,78,79,80,5,9,0
CELL:0.1388889,0.66666675,6,75,73,72,80,81,82,5,5,0
CELL:0.055555567,0.7222223,6,83,76,75,82,84,85,2,0,0
CELL:0.3888889,0.3888889,6,48,86,87,6,2,1,5,5,1
CELL:0.3888889,0.2777778,6,88,89,90,91,87,86,5,9,3
CELL:0.3888889,0.16666669,6,92,93,94,95,90,89,5,4,3
CELL:0.3888889,0.055555575,6,96,97,98,99,94,93,2,0,0
CELL:0.47222224,0.111111134,6,94,99,100,101,102,95,3,0,3
CELL:0.30555555,0.111111134,6,103,104,96,93,92,105,2,0,0
CELL:0.47222224,0.22222224,6,90,95,102,106,107,91,5,4,3
CELL:0.5555556,0.16666669,6,102,101,108,109,110,106,2,0,0
CELL:0.30555555,0.22222224,6,111,105,92,89,88,112,5,8,3
CELL:0.22222222,0.16666669,6,113,114,103,105,111,115,2,0,0
CELL:0.47222224,0.33333334,6,87,91,107,10,7,6,5,6,0
CELL:0.5555556,0.2777778,6,107,106,110,14,11,10,5,3,0
CELL:0.63888896,0.22222224,6,110,109,116,18,15,14,4,0,4
CELL:0.30555555,0.33333334,6,52,112,88,86,48,47,5,11,0
CELL:0.22222222,0.2777778,6,56,115,111,112,52,51,5,4,0
CELL:0.1388889,0.22222224,6,60,117,113,115,56,55,4,0,4
CELL:0.3888889,0.6111111,6,77,5,4,38,118,119,5,10,3
CELL:0.3888889,0.7222222,6,120,119,118,121,122,123,5,2,4
CELL:0.3888889,0.8333333,6,124,123,122,125,126,127,5,5,4
CELL:0.3888889,0.9444444,6,128,127,126,129,130,131,2,0,0
CELL:0.47222224,0.8888889,6,126,125,132,133,134,129,2,0,0
CELL:0.30555555,0.8888889,6,135,136,124,127,128,137,3,0,4
CELL:0.47222224,0.7777778,6,122,121,138,139,132,125,5,9,4
CELL:0.5555556,0.8333334,6,132,139,140,141,142,133,2,0,0
CELL:0.30555555,0.7777778,6,143,144,120,123,124,136,5,8,4
CELL:0.22222222,0.8333334,6,145,146,143,136,135,147,2,0,0
CELL:0.47222224,0.6666667,6,118,38,37,40,138,121,5,8,0
CELL:0.5555556,0.72222227,6,138,40,39,42,140,139,5,6,0
CELL:0.63888896,0.77777785,6,140,42,41,45,148,141,4,0,4
CELL:0.30555555,0.6666667,6,79,78,77,119,120,144,5,6,0
CELL:0.22222222,0.72222227,6,81,80,79,144,143,146,5,6,0
CELL:0.1388889,0.77777785,6,84,82,81,146,145,149,4,0,4
VERTEX:0.33333334,0.5,0,0,1
VERTEX:0.3611111,0.44444445,0,0,1
VERTEX:0.4166667,0.44444445,0,0,1
VERTEX:0.44444445,0.5,0,0,1
VERTEX:0.4166667,0.5555556,0,0,1
VERTEX:0.3611111,0.5555556,0,0,1
VERTEX:0.44444445,0.3888889,0,0,1
VERTEX:0.5,0.3888889,0,0,1
VERTEX:0.5277778,0.44444445,0,0,1
VERTEX:0.5,0.5,0,0,1
VERTEX:0.5277778,0.33333334,0,0,1
VERTEX:0.5833334,0.33333334,0,0,1
VERTEX:0.61111116,0.3888889,0,0,1
VERTEX:0.5833334,0.44444445,0,0,1
VERTEX:0.61111116,0.2777778,0,0,1
VERTEX:0.66666675,0.2777778,0,0,1
VERTEX:0.69444454,0.33333334,0,0,1
VERTEX:0.66666675,0.3888889,0,0,1
VERTEX:0.69444454,0.22222224,0,0,0
VERTEX:0.7500001,0.22222224,0,0,0
VERTEX:0.7777779,0.2777778,0,0,0
VERTEX:0.7500001,0.33333334,0,0,0
VERTEX:0.7777779,0.3888889,0,0,0
VERTEX:0.7500001,0.44444445,0,0,0
VERTEX:0.69444454,0.44444445,0,0,1
VERTEX:0.66666675,0.5,0,0,1
VERTEX:0.61111116,0.5,0,0,1
VERTEX:0.7777779,0.5,0,0,0
VERTEX:0.7500001,0.5555556,0,0,0
VERTEX:0.69444454,0.5555556,0,0,1
VERTEX:0.5833334,0.5555556,0,0,1
VERTEX:0.5277778,0.5555556,0,0,1
VERTEX:0.66666675,0.61111116,0,0,1
VERTEX:0.61111116,0.61111116,0,0,1
VERTEX:0.7777779,0.61111116,0,0,0
VERTEX:0.7500001,0.66666675,0,0,0
VERTEX:0.69444454,0.66666675,0,0,1
VERTEX:0.5,0.61111116,0,0,1
VERTEX:0.44444445,0.61111116,0,0,1
VERTEX:0.5833334,0.66666675,0,0,1
VERTEX:0.5277778,0.66666675,0,0,1
VERTEX:0.66666675,0.7222223,0,0,1
VERTEX:0.61111116,0.7222223,0,0,1
VERTEX:0.7777779,0.7222223,0,0,0
VERTEX:0.7500001,0.7777779,0,0,0
VERTEX:0.69444454,0.7777779,0,0,0
VERTEX:0.25,0.44444445,0,0,1
VERTEX:0.27777776,0.3888889,0,0,1
VERTEX:0.33333334,0.3888889,0,0,1
VERTEX:0.27777776,0.5,0,0,1
VERTEX:0.16666667,0.3888889,0,0,1
VERTEX:0.19444445,0.33333334,0,0,1
VERTEX:0.25,0.33333334,0,0,1
VERTEX:0.19444445,0.44444445,0,0,1
VERTEX:0.08333334,0.33333334,0,0,1
VERTEX:0.11111112,0.2777778,0,0,1
VERTEX:0.16666667,0.2777778,0,0,1
VERTEX:0.11111112,0.3888889,0,0,1
VERTEX:1.1175871E-8,0.2777778,0,0,0
VERTEX:0.02777779,0.22222224,0,0,0
VERTEX:0.08333334,0.22222224,0,0,0
VERTEX:0.02777779,0.33333334,0,0,0
VERTEX:1.1175871E-8,0.3888889,0,0,0
VERTEX:0.08333334,0.44444445,0,0,1
VERTEX:0.02777779,0.44444445,0,0,0
VERTEX:0.16666667,0.5,0,0,1
VERTEX:0.11111112,0.5,0,0,1
VERTEX:1.1175871E-8,0.5,0,0,0
VERTEX:0.08333334,0.5555556,0,0,1
VERTEX:0.02777779,0.5555556,0,0,0
VERTEX:0.25,0.5555556,0,0,1
VERTEX:0.19444445,0.5555556,0,0,1
VERTEX:0.16666667,0.61111116,0,0,1
VERTEX:0.11111112,0.61111116,0,0,1
VERTEX:1.1175871E-8,0.61111116,0,0,0
VERTEX:0.08333334,0.66666675,0,0,1
VERTEX:0.02777779,0.66666675,0,0,0
VERTEX:0.33333334,0.61111116,0,0,1
VERTEX:0.27777776,0.61111116,0,0,1
VERTEX:0.25,0.66666675,0,0,1
VERTEX:0.19444445,0.66666675,0,0,1
VERTEX:0.16666667,0.7222223,0,0,1
VERTEX:0.11111112,0.7222223,0,0,1
VERTEX:1.1175871E-8,0.7222223,0,0,0
VERTEX:0.08333334,0.7777779,0,0,0
VERTEX:0.02777779,0.7777779,0,0,0
VERTEX:0.3611111,0.33333334,0,0,1
VERTEX:0.4166667,0.33333334,0,0,1
VERTEX:0.33333334,0.2777778,0,0,1
VERTEX:0.3611111,0.22222224,0,0,1
VERTEX:0.4166667,0.22222224,0,0,1
VERTEX:0.44444445,0.2777778,0,0,1
VERTEX:0.33333334,0.16666669,0,0,1
VERTEX:0.3611111,0.111111134,0,0,1
VERTEX:0.4166667,0.111111134,0,0,1
VERTEX:0.44444445,0.16666669,0,0,1
VERTEX:0.33333334,0.055555575,0,0,0
VERTEX:0.3611111,1.8626451E-8,0,0,0
VERTEX:0.4166667,1.8626451E-8,0,0,0
VERTEX:0.44444445,0.055555575,0,0,0
VERTEX:0.5,0.05555558,0,0,0
VERTEX:0.5277778,0.111111134,0,0,0
VERTEX:0.5,0.16666669,0,0,1
VERTEX:0.25,0.111111134,0,0,0
VERTEX:0.27777776,0.05555558,0,0,0
VERTEX:0.27777776,0.16666669,0,0,1
VERTEX:0.5277778,0.22222224,0,0,1
VERTEX:0.5,0.2777778,0,0,1
VERTEX:0.5833334,0.111111134,0,0,0
VERTEX:0.61111116,0.16666669,0,0,0
VERTEX:0.5833334,0.22222224,0,0,1
VERTEX:0.25,0.22222224,0,0,1
VERTEX:0.27777776,0.2777778,0,0,1
VERTEX:0.16666667,0.16666669,0,0,0
VERTEX:0.19444445,0.111111134,0,0,0
VERTEX:0.19444445,0.22222224,0,0,1
VERTEX:0.66666675,0.16666669,0,0,0
VERTEX:0.11111112,0.16666669,0,0,0
VERTEX:0.4166667,0.6666667,0,0,1
VERTEX:0.3611111,0.6666667,0,0,1
VERTEX:0.33333334,0.7222222,0,0,1
VERTEX:0.44444445,0.7222222,0,0,1
VERTEX:0.4166667,0.7777778,0,0,1
VERTEX:0.3611111,0.7777778,0,0,1
VERTEX:0.33333334,0.8333333,0,0,1
VERTEX:0.44444445,0.8333333,0,0,1
VERTEX:0.4166667,0.8888889,0,0,1
VERTEX:0.3611111,0.8888889,0,0,1
VERTEX:0.33333334,0.9444444,0,0,0
VERTEX:0.44444445,0.9444444,0,0,0
VERTEX:0.4166667,1.0,0,0,0
VERTEX:0.3611111,1.0,0,0,0
VERTEX:0.5,0.8333333,0,0,1
VERTEX:0.5277778,0.8888889,0,0,0
VERTEX:0.5,0.9444445,0,0,0
VERTEX:0.25,0.8888889,0,0,0
VERTEX:0.27777776,0.8333333,0,0,1
VERTEX:0.27777776,0.9444445,0,0,0
VERTEX:0.5,0.7222222,0,0,1
VERTEX:0.5277778,0.7777778,0,0,1
VERTEX:0.5833334,0.7777778,0,0,1
VERTEX:0.61111116,0.8333334,0,0,0
VERTEX:0.5833334,0.88888896,0,0,0
VERTEX:0.25,0.7777778,0,0,1
VERTEX:0.27777776,0.7222222,0,0,1
VERTEX:0.16666667,0.8333334,0,0,0
VERTEX:0.19444445,0.7777778,0,0,1
VERTEX:0.19444445,0.88888896,0,0,0
VERTEX:0.66666675,0.83333343,0,0,0
VERTEX:0.11111112,0.83333343,0,0,0
EDGE:0,1,0
EDGE:1,2,0
EDGE:2,3,0
EDGE:3,4,0
EDGE:4,5,0
EDGE:0,5,0
EDGE:2,6,0
EDGE:6,7,0
EDGE:7,8,0
EDGE:8,9,0
EDGE:3,9,0
EDGE:7,10,0
EDGE:10,11,0
EDGE:11,12,0
EDGE:12,13,0
EDGE:8,13,0
EDGE:11,14,0
EDGE:14,15,0
EDGE:15,16,0
EDGE:16,17,0
EDGE:12,17,0
EDGE:17,24,0
EDGE:24,25,0
EDGE:25,26,0
EDGE:13,26,0
EDGE:26,30,0
EDGE:30,31,0
EDGE:9,31,0
EDGE:25,29,0
EDGE:29,32,0
EDGE:32,33,0
EDGE:30,33,0
EDGE:31,37,0
EDGE:37,38,0
EDGE:4,38,0
EDGE:33,39,0
EDGE:39,40,0
EDGE:37,40,0
EDGE:32,36,0
EDGE:36,41,0
EDGE:41,42,0
EDGE:39,42,0
EDGE:46,47,0
EDGE:47,48,0
EDGE:1,48,0
EDGE:0,49,0
EDGE:46,49,0
EDGE:50,51,0
EDGE:51,52,0
EDGE:47,52,0
EDGE:46,53,0
EDGE:50,53,0
EDGE:54,55,0
EDGE:55,56,0
EDGE:51,56,0
EDGE:50,57,0
EDGE:54,57,0
EDGE:57,63,0
EDGE:53,65,0
EDGE:65,66,0
EDGE:63,66,0
EDGE:49,70,0
EDGE:70,71,0
EDGE:65,71,0
EDGE:66,68,0
EDGE:71,72,0
EDGE:72,73,0
EDGE:68,73,0
EDGE:5,77,0
EDGE:77,78,0
EDGE:70,78,0
EDGE:78,79,0
EDGE:79,80,0
EDGE:72,80,0
EDGE:73,75,0
EDGE:80,81,0
EDGE:81,82,0
EDGE:75,82,0
EDGE:48,86,0
EDGE:86,87,0
EDGE:6,87,0
EDGE:88,89,0
EDGE:89,90,0
EDGE:90,91,0
EDGE:87,91,0
EDGE:86,88,0
EDGE:92,93,0
EDGE:93,94,0
EDGE:94,95,0
EDGE:90,95,0
EDGE:89,92,0
EDGE:95,102,0
EDGE:102,106,0
EDGE:106,107,0
EDGE:91,107,0
EDGE:105,111,0
EDGE:92,105,0
EDGE:88,112,0
EDGE:111,112,0
EDGE:10,107,0
EDGE:106,110,0
EDGE:14,110,0
EDGE:52,112,0
EDGE:56,115,0
EDGE:111,115,0
EDGE:38,118,0
EDGE:118,119,0
EDGE:77,119,0
EDGE:119,120,0
EDGE:118,121,0
EDGE:121,122,0
EDGE:122,123,0
EDGE:120,123,0
EDGE:123,124,0
EDGE:122,125,0
EDGE:125,126,0
EDGE:126,127,0
EDGE:124,127,0
EDGE:121,138,0
EDGE:138,139,0
EDGE:132,139,0
EDGE:125,132,0
EDGE:143,144,0
EDGE:120,144,0
EDGE:124,136,0
EDGE:136,143,0
EDGE:40,138,0
EDGE:42,140,0
EDGE:139,140,0
EDGE:79,144,0
EDGE:143,146,0
EDGE:81,146,0
