VERSION:1
CELLWIDTH:0.1
CELLHEIGHT:0.1
NUMCELLS:117
NUMVERTS:278
NUMEDGES:369
ROBBERCELL:-1
CELL:0.05,0.05,6,0,1,2,3,4,5,2,0,0
CELL:0.05,0.15,6,6,5,4,7,8,9,5,3,1
CELL:0.05,0.25,6,10,9,8,11,12,13,5,6,4
CELL:0.05,0.35,6,14,13,12,15,16,17,5,4,3
CELL:0.05,0.45,6,18,17,16,19,20,21,5,5,2
CELL:0.05,0.55,6,22,21,20,23,24,25,5,11,0
CELL:0.05,0.65000004,6,26,25,24,27,28,29,5,8,1
CELL:0.05,0.75000006,6,30,29,28,31,32,33,5,10,4
CELL:0.05,0.8500001,6,34,33,32,35,36,37,5,12,3
CELL:0.125,0.8000001,6,32,31,38,39,40,35,5,9,2
CELL:0.125,0.70000005,6,28,27,41,42,38,31,5,2,0
CELL:0.125,0.6,6,24,23,43,44,41,27,5,3,1
CELL:0.125,0.5,6,20,19,45,46,43,23,5,6,4
CELL:0.125,0.4,6,16,15,47,48,45,19,5,4,3
CELL:0.125,0.3,6,12,11,49,50,47,15,5,5,2
CELL:0.125,0.20000002,6,8,7,51,52,49,11,2,0,0
CELL:0.125,0.10000002,6,4,3,53,54,51,7,2,0,0
CELL:0.2,0.050000016,6,53,55,56,57,58,54,5,11,0
CELL:0.2,0.15000002,6,51,54,58,59,60,52,5,8,1
CELL:0.2,0.25000003,6,49,52,60,61,62,50,2,0,0
CELL:0.2,0.35000002,6,47,50,62,63,64,48,2,0,0
CELL:0.2,0.45000002,6,45,48,64,65,66,46,5,10,4
CELL:0.2,0.55,6,43,46,66,67,68,44,5,12,3
CELL:0.2,0.65000004,6,41,44,68,69,70,42,5,9,2
CELL:0.2,0.75000006,6,38,42,70,71,72,39,5,2,0
CELL:0.2,0.8500001,6,40,39,72,73,74,75,5,3,1
CELL:0.275,0.8000001,6,72,71,76,77,78,73,5,6,4
CELL:0.275,0.70000005,6,70,69,79,80,76,71,5,4,3
CELL:0.275,0.6,6,68,67,81,82,79,69,5,5,2
CELL:0.275,0.5,6,66,65,83,84,81,67,5,11,0
CELL:0.275,0.4,6,64,63,85,86,83,65,2,0,0
CELL:0.275,0.3,6,62,61,87,88,85,63,5,8,1
CELL:0.275,0.20000002,6,60,59,89,90,87,61,5,10,4
CELL:0.275,0.10000002,6,58,57,91,92,89,59,5,12,3
CELL:0.35000002,0.050000016,6,91,93,94,95,96,92,5,9,2
CELL:0.35000002,0.15000002,6,89,92,96,97,98,90,5,2,0
CELL:0.35000002,0.25000003,6,87,90,98,99,100,88,5,3,1
CELL:0.35000002,0.35000002,6,85,88,100,101,102,86,2,0,0
CELL:0.35000002,0.45000002,6,83,86,102,103,104,84,5,6,4
CELL:0.35000002,0.55,6,81,84,104,105,106,82,5,4,3
CELL:0.35000002,0.65000004,6,79,82,106,107,108,80,5,5,2
CELL:0.35000002,0.75000006,6,76,80,108,109,110,77,5,11,0
CELL:0.35000002,0.8500001,6,78,77,110,111,112,113,5,8,1
CELL:0.42500004,0.8000001,6,110,109,114,115,116,111,5,10,4
CELL:0.42500004,0.70000005,6,108,107,117,118,114,109,5,12,3
CELL:0.42500004,0.6,6,106,105,119,120,117,107,5,9,2
CELL:0.42500004,0.5,6,104,103,121,122,119,105,5,2,0
CELL:0.42500004,0.4,6,102,101,123,124,121,103,5,3,1
CELL:0.42500004,0.3,6,100,99,125,126,123,101,2,0,0
CELL:0.42500004,0.20000002,6,98,97,127,128,125,99,5,6,4
CELL:0.42500004,0.10000002,6,96,95,129,130,127,97,5,4,3
CELL:0.50000006,0.050000016,6,129,131,132,133,134,130,5,5,2
CELL:0.50000006,0.15000002,6,127,130,134,135,136,128,5,11,0
CELL:0.50000006,0.25000003,6,125,128,136,137,138,126,2,0,0
CELL:0.50000006,0.35000002,6,123,126,138,139,140,124,5,8,1
CELL:0.50000006,0.45000002,6,121,124,140,141,142,122,5,10,4
CELL:0.50000006,0.55,6,119,122,142,143,144,120,5,12,3
CELL:0.50000006,0.65000004,6,117,120,144,145,146,118,5,9,2
CELL:0.50000006,0.75000006,6,114,118,146,147,148,115,5,2,0
CELL:0.50000006,0.8500001,6,116,115,148,149,150,151,5,3,1
CELL:0.57500005,0.8000001,6,148,147,152,153,154,149,5,6,4
CELL:0.57500005,0.70000005,6,146,145,155,156,152,147,5,4,3
CELL:0.57500005,0.6,6,144,143,157,158,155,145,2,0,0
CELL:0.57500005,0.5,6,142,141,159,160,157,143,2,0,0
CELL:0.57500005,0.4,6,140,139,161,162,159,141,2,0,0
CELL:0.57500005,0.3,6,138,137,163,164,161,139,2,0,0
CELL:0.57500005,0.20000002,6,136,135,165,166,163,137,5,5,2
CELL:0.57500005,0.10000002,6,134,133,167,168,165,135,5,11,0
CELL:0.65000004,0.050000016,6,167,169,170,171,172,168,5,8,1
CELL:0.65000004,0.15000002,6,165,168,172,173,174,166,5,10,4
CELL:0.65000004,0.25000003,6,163,166,174,175,176,164,5,12,3
CELL:0.65000004,0.35000002,6,161,164,176,177,178,162,5,9,2
CELL:0.65000004,0.45000002,6,159,162,178,179,180,160,5,2,0
CELL:0.65000004,0.55,6,157,160,180,181,182,158,5,3,1
CELL:0.65000004,0.65000004,6,155,158,182,183,184,156,2,0,0
CELL:0.65000004,0.75000006,6,152,156,184,185,186,153,5,6,4
CELL:0.65000004,0.8500001,6,154,153,186,187,188,189,5,4,3
CELL:0.725,0.8000001,6,186,185,190,191,192,187,5,5,2
CELL:0.725,0.70000005,6,184,183,193,194,190,185,2,0,0
CELL:0.725,0.6,6,182,181,195,196,193,183,5,11,0
CELL:0.725,0.5,6,180,179,197,198,195,181,5,8,1
CELL:0.725,0.4,6,178,177,199,200,197,179,5,10,4
CELL:0.725,0.3,6,176,175,201,202,199,177,5,12,3
CELL:0.725,0.20000002,6,174,173,203,204,201,175,5,9,2
CELL:0.725,0.10000002,6,172,171,205,206,203,173,5,2,0
CELL:0.8,0.050000016,6,205,207,208,209,210,206,5,3,1
CELL:0.8,0.15000002,6,203,206,210,211,212,204,5,6,4
CELL:0.8,0.25000003,6,201,204,212,213,214,202,5,4,3
CELL:0.8,0.35000002,6,199,202,214,215,216,200,5,5,2
CELL:0.8,0.45000002,6,197,200,216,217,218,198,5,11,0
CELL:0.8,0.55,6,195,198,218,219,220,196,5,8,1
CELL:0.8,0.65000004,6,193,196,220,221,222,194,5,10,4
CELL:0.8,0.75000006,6,190,194,222,223,224,191,2,0,0
CELL:0.8,0.8500001,6,192,191,224,225,226,227,5,12,3
CELL:0.875,0.8000001,6,224,223,228,229,230,225,2,0,0
CELL:0.875,0.70000005,6,222,221,231,232,228,223,5,9,2
CELL:0.875,0.6,6,220,219,233,234,231,221,5,2,0
CELL:0.875,0.5,6,218,217,235,236,233,219,5,3,1
CELL:0.875,0.4,6,216,215,237,238,235,217,5,6,4
CELL:0.875,0.3,6,214,213,239,240,237,215,5,4,3
CELL:0.875,0.20000002,6,212,211,241,242,239,213,5,5,2
CELL:0.875,0.10000002,6,210,209,243,244,241,211,5,11,0
CELL:0.95,0.050000016,6,243,245,246,247,248,244,5,8,1
CELL:0.95,0.15000002,6,241,244,248,249,250,242,5,10,4
CELL:0.95,0.25000003,6,239,242,250,251,252,240,5,12,3
CELL:0.95,0.35000002,6,237,240,252,253,254,238,5,9,2
CELL:0.95,0.45000002,6,235,238,254,255,256,236,5,2,0
CELL:0.95,0.55,6,233,236,256,257,258,234,5,3,1
CELL:0.95,0.65000004,6,231,234,258,259,260,232,5,6,4
CELL:0.95,0.75000006,6,228,232,260,261,262,229,5,4,3
CELL:0.95,0.8500001,6,230,229,262,263,264,265,5,5,2
CELL:0.875,0.9000001,6,226,225,230,265,266,267,2,0,0
CELL:0.725,0.9000001,6,188,187,192,227,268,269,5,11,0
CELL:0.57500005,0.9000001,6,150,149,154,189,270,271,5,8,1
CELL:0.42500004,0.9000001,6,112,111,116,151,272,273,5,10,4
CELL:0.275,0.9000001,6,74,73,78,113,274,275,5,12,3
CELL:0.125,0.9000001,6,36,35,40,75,276,277,5,9,2
VERTEX:0.0,0.05,0,0,0
VERTEX:0.025,0.0,0,0,0
VERTEX:0.075,0.0,0,0,0
VERTEX:0.1,0.05,0,0,0
VERTEX:0.075,0.1,0,0,1
VERTEX:0.025,0.1,0,0,1
VERTEX:0.0,0.15,0,0,1
VERTEX:0.1,0.15,0,0,1
VERTEX:0.075,0.2,0,0,1
VERTEX:0.025,0.2,0,0,1
VERTEX:0.0,0.25,0,0,1
VERTEX:0.1,0.25,0,0,1
VERTEX:0.075,0.3,0,0,1
VERTEX:0.025,0.3,0,0,1
VERTEX:0.0,0.35,0,0,1
VERTEX:0.1,0.35,0,0,1
VERTEX:0.075,0.4,0,0,1
VERTEX:0.025,0.4,0,0,1
VERTEX:0.0,0.45,0,0,1
VERTEX:0.1,0.45,0,0,1
VERTEX:0.075,0.5,0,0,1
VERTEX:0.025,0.5,0,0,1
VERTEX:0.0,0.55,0,0,1
VERTEX:0.1,0.55,0,0,1
VERTEX:0.075,0.6,0,0,1
VERTEX:0.025,0.6,0,0,1
VERTEX:0.0,0.65000004,0,0,1
VERTEX:0.1,0.65000004,0,0,1
VERTEX:0.075,0.70000005,0,0,1
VERTEX:0.025,0.70000005,0,0,1
VERTEX:0.0,0.75000006,0,0,1
VERTEX:0.1,0.75000006,0,0,1
VERTEX:0.075,0.8000001,0,0,1
VERTEX:0.025,0.8000001,0,0,1
VERTEX:0.0,0.8500001,0,0,1
VERTEX:0.1,0.8500001,0,0,1
VERTEX:0.075,0.9000001,0,0,1
VERTEX:0.025,0.9000001,0,0,1
VERTEX:0.15,0.75000006,0,0,1
VERTEX:0.175,0.8000001,0,0,1
VERTEX:0.15,0.8500001,0,0,1
VERTEX:0.15,0.65000004,0,0,1
VERTEX:0.175,0.70000005,0,0,1
VERTEX:0.15,0.55,0,0,1
VERTEX:0.175,0.6,0,0,1
VERTEX:0.15,0.45,0,0,1
VERTEX:0.175,0.5,0,0,1
VERTEX:0.15,0.35,0,0,1
VERTEX:0.175,0.4,0,0,1
VERTEX:0.15,0.25,0,0,1
VERTEX:0.175,0.3,0,0,1
VERTEX:0.15,0.15000002,0,0,1
VERTEX:0.175,0.20000002,0,0,1
VERTEX:0.15,0.050000016,0,0,1
VERTEX:0.175,0.10000002,0,0,1
VERTEX:0.175,1.4901161E-8,0,0,1
VERTEX:0.22500001,1.4901161E-8,0,0,1
VERTEX:0.25,0.050000016,0,0,1
VERTEX:0.22500001,0.10000002,0,0,1
VERTEX:0.25,0.15000002,0,0,1
VERTEX:0.22500001,0.20000002,0,0,1
VERTEX:0.25,0.25000003,0,0,1
VERTEX:0.22500001,0.30000004,0,0,1
VERTEX:0.25,0.35000002,0,0,1
VERTEX:0.22500001,0.40000004,0,0,1
VERTEX:0.25,0.45000002,0,0,1
VERTEX:0.22500001,0.5,0,0,1
VERTEX:0.25,0.55,0,0,1
VERTEX:0.22500001,0.6,0,0,1
VERTEX:0.25,0.65000004,0,0,1
VERTEX:0.22500001,0.70000005,0,0,1
VERTEX:0.25,0.75000006,0,0,1
VERTEX:0.22500001,0.8000001,0,0,1
VERTEX:0.25,0.8500001,0,0,1
VERTEX:0.22500001,0.9000001,0,0,1
VERTEX:0.175,0.9000001,0,0,1
VERTEX:0.3,0.75000006,0,0,1
VERTEX:0.32500002,0.8000001,0,0,1
VERTEX:0.3,0.8500001,0,0,1
VERTEX:0.3,0.65000004,0,0,1
VERTEX:0.32500002,0.70000005,0,0,1
VERTEX:0.3,0.55,0,0,1
VERTEX:0.32500002,0.6,0,0,1
VERTEX:0.3,0.45,0,0,1
VERTEX:0.32500002,0.5,0,0,1
VERTEX:0.3,0.35,0,0,1
VERTEX:0.32500002,0.4,0,0,1
VERTEX:0.3,0.25,0,0,1
VERTEX:0.32500002,0.3,0,0,1
VERTEX:0.3,0.15000002,0,0,1
VERTEX:0.32500002,0.20000002,0,0,1
VERTEX:0.3,0.050000016,0,0,1
VERTEX:0.32500002,0.10000002,0,0,1
VERTEX:0.32500002,1.4901161E-8,0,0,1
VERTEX:0.37500003,1.4901161E-8,0,0,1
VERTEX:0.40000004,0.050000016,0,0,1
VERTEX:0.37500003,0.10000002,0,0,1
VERTEX:0.40000004,0.15000002,0,0,1
VERTEX:0.37500003,0.20000002,0,0,1
VERTEX:0.40000004,0.25000003,0,0,1
VERTEX:0.37500003,0.30000004,0,0,1
VERTEX:0.40000004,0.35000002,0,0,1
VERTEX:0.37500003,0.40000004,0,0,1
VERTEX:0.40000004,0.45000002,0,0,1
VERTEX:0.37500003,0.5,0,0,1
VERTEX:0.40000004,0.55,0,0,1
VERTEX:0.37500003,0.6,0,0,1
VERTEX:0.40000004,0.65000004,0,0,1
VERTEX:0.37500003,0.70000005,0,0,1
VERTEX:0.40000004,0.75000006,0,0,1
VERTEX:0.37500003,0.8000001,0,0,1
VERTEX:0.40000004,0.8500001,0,0,1
VERTEX:0.37500003,0.9000001,0,0,1
VERTEX:0.32500002,0.9000001,0,0,1
VERTEX:0.45000005,0.75000006,0,0,1
VERTEX:0.47500005,0.8000001,0,0,1
VERTEX:0.45000005,0.8500001,0,0,1
VERTEX:0.45000005,0.65000004,0,0,1
VERTEX:0.47500005,0.70000005,0,0,1
VERTEX:0.45000005,0.55,0,0,1
VERTEX:0.47500005,0.6,0,0,1
VERTEX:0.45000005,0.45,0,0,1
VERTEX:0.47500005,0.5,0,0,1
VERTEX:0.45000005,0.35,0,0,1
VERTEX:0.47500005,0.4,0,0,1
VERTEX:0.45000005,0.25,0,0,1
VERTEX:0.47500005,0.3,0,0,1
VERTEX:0.45000005,0.15000002,0,0,1
VERTEX:0.47500005,0.20000002,0,0,1
VERTEX:0.45000005,0.050000016,0,0,1
VERTEX:0.47500005,0.10000002,0,0,1
VERTEX:0.47500005,1.4901161E-8,0,0,1
VERTEX:0.52500004,1.4901161E-8,0,0,1
VERTEX:0.5500001,0.050000016,0,0,1
VERTEX:0.52500004,0.10000002,0,0,1
VERTEX:0.5500001,0.15000002,0,0,1
VERTEX:0.52500004,0.20000002,0,0,1
VERTEX:0.5500001,0.25000003,0,0,1
VERTEX:0.52500004,0.30000004,0,0,1
VERTEX:0.5500001,0.35000002,0,0,1
VERTEX:0.52500004,0.40000004,0,0,1
VERTEX:0.5500001,0.45000002,0,0,1
VERTEX:0.52500004,0.5,0,0,1
VERTEX:0.5500001,0.55,0,0,1
VERTEX:0.52500004,0.6,0,0,1
VERTEX:0.5500001,0.65000004,0,0,1
VERTEX:0.52500004,0.70000005,0,0,1
VERTEX:0.5500001,0.75000006,0,0,1
VERTEX:0.52500004,0.8000001,0,0,1
VERTEX:0.5500001,0.8500001,0,0,1
VERTEX:0.52500004,0.9000001,0,0,1
VERTEX:0.47500005,0.9000001,0,0,1
VERTEX:0.6,0.75000006,0,0,1
VERTEX:0.62500006,0.8000001,0,0,1
VERTEX:0.6,0.8500001,0,0,1
VERTEX:0.6,0.65000004,0,0,1
VERTEX:0.62500006,0.70000005,0,0,1
VERTEX:0.6,0.55,0,0,1
VERTEX:0.62500006,0.6,0,0,1
VERTEX:0.6,0.45,0,0,1
VERTEX:0.62500006,0.5,0,0,1
VERTEX:0.6,0.35,0,0,1
VERTEX:0.62500006,0.4,0,0,1
VERTEX:0.6,0.25,0,0,1
VERTEX:0.62500006,0.3,0,0,1
VERTEX:0.6,0.15000002,0,0,1
VERTEX:0.62500006,0.20000002,0,0,1
VERTEX:0.6,0.050000016,0,0,1
VERTEX:0.62500006,0.10000002,0,0,1
VERTEX:0.62500006,1.4901161E-8,0,0,1
VERTEX:0.675,1.4901161E-8,0,0,1
VERTEX:0.70000005,0.050000016,0,0,1
VERTEX:0.675,0.10000002,0,0,1
VERTEX:0.70000005,0.15000002,0,0,1
VERTEX:0.675,0.20000002,0,0,1
VERTEX:0.70000005,0.25000003,0,0,1
VERTEX:0.675,0.30000004,0,0,1
VERTEX:0.70000005,0.35000002,0,0,1
VERTEX:0.675,0.40000004,0,0,1
VERTEX:0.70000005,0.45000002,0,0,1
VERTEX:0.675,0.5,0,0,1
VERTEX:0.70000005,0.55,0,0,1
VERTEX:0.675,0.6,0,0,1
VERTEX:0.70000005,0.65000004,0,0,1
VERTEX:0.675,0.70000005,0,0,1
VERTEX:0.70000005,0.75000006,0,0,1
VERTEX:0.675,0.8000001,0,0,1
VERTEX:0.70000005,0.8500001,0,0,1
VERTEX:0.675,0.9000001,0,0,1
VERTEX:0.62500006,0.9000001,0,0,1
VERTEX:0.75,0.75000006,0,0,1
VERTEX:0.77500004,0.8000001,0,0,1
VERTEX:0.75,0.8500001,0,0,1
VERTEX:0.75,0.65000004,0,0,1
VERTEX:0.77500004,0.70000005,0,0,1
VERTEX:0.75,0.55,0,0,1
VERTEX:0.77500004,0.6,0,0,1
VERTEX:0.75,0.45,0,0,1
VERTEX:0.77500004,0.5,0,0,1
VERTEX:0.75,0.35,0,0,1
VERTEX:0.77500004,0.4,0,0,1
VERTEX:0.75,0.25,0,0,1
VERTEX:0.77500004,0.3,0,0,1
VERTEX:0.75,0.15000002,0,0,1
VERTEX:0.77500004,0.20000002,0,0,1
VERTEX:0.75,0.050000016,0,0,1
VERTEX:0.77500004,0.10000002,0,0,1
VERTEX:0.77500004,1.4901161E-8,0,0,1
VERTEX:0.825,1.4901161E-8,0,0,1
VERTEX:0.85,0.050000016,0,0,1
VERTEX:0.825,0.10000002,0,0,1
VERTEX:0.85,0.15000002,0,0,1
VERTEX:0.825,0.20000002,0,0,1
VERTEX:0.85,0.25000003,0,0,1
VERTEX:0.825,0.30000004,0,0,1
VERTEX:0.85,0.35000002,0,0,1
VERTEX:0.825,0.40000004,0,0,1
VERTEX:0.85,0.45000002,0,0,1
VERTEX:0.825,0.5,0,0,1
VERTEX:0.85,0.55,0,0,1
VERTEX:0.825,0.6,0,0,1
VERTEX:0.85,0.65000004,0,0,1
VERTEX:0.825,0.70000005,0,0,1
VERTEX:0.85,0.75000006,0,0,1
VERTEX:0.825,0.8000001,0,0,1
VERTEX:0.85,0.8500001,0,0,1
VERTEX:0.825,0.9000001,0,0,1
VERTEX:0.77500004,0.9000001,0,0,1
VERTEX:0.9,0.75000006,0,0,1
VERTEX:0.925,0.8000001,0,0,1
VERTEX:0.9,0.8500001,0,0,1
VERTEX:0.9,0.65000004,0,0,1
VERTEX:0.925,0.70000005,0,0,1
VERTEX:0.9,0.55,0,0,1
VERTEX:0.925,0.6,0,0,1
VERTEX:0.9,0.45,0,0,1
VERTEX:0.925,0.5,0,0,1
VERTEX:0.9,0.35,0,0,1
VERTEX:0.925,0.4,0,0,1
VERTEX:0.9,0.25,0,0,1
VERTEX:0.925,0.3,0,0,1
VERTEX:0.9,0.15000002,0,0,1
VERTEX:0.925,0.20000002,0,0,1
VERTEX:0.9,0.050000016,0,0,1
VERTEX:0.925,0.10000002,0,0,1
VERTEX:0.925,1.4901161E-8,0,0,1
VERTEX:0.97499996,1.4901161E-8,0,0,1
VERTEX:1.0,0.050000016,0,0,1
VERTEX:0.97499996,0.10000002,0,0,1
VERTEX:1.0,0.15000002,0,0,1
VERTEX:0.97499996,0.20000002,0,0,1
VERTEX:1.0,0.25000003,0,0,1
VERTEX:0.97499996,0.30000004,0,0,1
VERTEX:1.0,0.35000002,0,0,1
VERTEX:0.97499996,0.40000004,0,0,1
VERTEX:1.0,0.45000002,0,0,1
VERTEX:0.97499996,0.5,0,0,1
VERTEX:1.0,0.55,0,0,1
VERTEX:0.97499996,0.6,0,0,1
VERTEX:1.0,0.65000004,0,0,1
VERTEX:0.97499996,0.70000005,0,0,1
VERTEX:1.0,0.75000006,0,0,1
VERTEX:0.97499996,0.8000001,0,0,1
VERTEX:1.0,0.8500001,0,0,1
VERTEX:0.97499996,0.9000001,0,0,1
VERTEX:0.925,0.9000001,0,0,1
VERTEX:0.9,0.9500001,0,0,0
VERTEX:0.85,0.9500001,0,0,0
VERTEX:0.75,0.9500001,0,0,1
VERTEX:0.70000005,0.9500001,0,0,1
VERTEX:0.6,0.9500001,0,0,1
VERTEX:0.5500001,0.9500001,0,0,1
VERTEX:0.45000005,0.9500001,0,0,1
VERTEX:0.40000004,0.9500001,0,0,1
VERTEX:0.3,0.9500001,0,0,1
VERTEX:0.25,0.9500001,0,0,1
VERTEX:0.15,0.9500001,0,0,1
VERTEX:0.1,0.9500001,0,0,1
EDGE:5,6,0
EDGE:4,5,0
EDGE:4,7,0
EDGE:7,8,0
EDGE:8,9,0
EDGE:6,9,0
EDGE:9,10,0
EDGE:8,11,0
EDGE:11,12,0
EDGE:12,13,0
EDGE:10,13,0
EDGE:13,14,0
EDGE:12,15,0
EDGE:15,16,0
EDGE:16,17,0
EDGE:14,17,0
EDGE:17,18,0
EDGE:16,19,0
EDGE:19,20,0
EDGE:20,21,0
EDGE:18,21,0
EDGE:21,22,0
EDGE:20,23,0
EDGE:23,24,0
EDGE:24,25,0
EDGE:22,25,0
EDGE:25,26,0
EDGE:24,27,0
EDGE:27,28,0
EDGE:28,29,0
EDGE:26,29,0
EDGE:29,30,0
EDGE:28,31,0
EDGE:31,32,0
EDGE:32,33,0
EDGE:30,33,0
EDGE:33,34,0
EDGE:32,35,0
EDGE:35,36,0
EDGE:36,37,0
EDGE:34,37,0
EDGE:31,38,0
EDGE:38,39,0
EDGE:39,40,0
EDGE:35,40,0
EDGE:27,41,0
EDGE:41,42,0
EDGE:38,42,0
EDGE:23,43,0
EDGE:43,44,0
EDGE:41,44,0
EDGE:19,45,0
EDGE:45,46,0
EDGE:43,46,0
EDGE:15,47,0
EDGE:47,48,0
EDGE:45,48,0
EDGE:11,49,0
EDGE:49,50,0
EDGE:47,50,0
EDGE:53,55,0
EDGE:55,56,0
EDGE:56,57,0
EDGE:57,58,0
EDGE:54,58,0
EDGE:53,54,0
EDGE:51,54,0
EDGE:58,59,0
EDGE:59,60,0
EDGE:52,60,0
EDGE:51,52,0
EDGE:48,64,0
EDGE:64,65,0
EDGE:65,66,0
EDGE:46,66,0
EDGE:66,67,0
EDGE:67,68,0
EDGE:44,68,0
EDGE:68,69,0
EDGE:69,70,0
EDGE:42,70,0
EDGE:70,71,0
EDGE:71,72,0
EDGE:39,72,0
EDGE:72,73,0
EDGE:73,74,0
EDGE:74,75,0
EDGE:40,75,0
EDGE:71,76,0
EDGE:76,77,0
EDGE:77,78,0
EDGE:73,78,0
EDGE:69,79,0
EDGE:79,80,0
EDGE:76,80,0
EDGE:67,81,0
EDGE:81,82,0
EDGE:79,82,0
EDGE:65,83,0
EDGE:83,84,0
EDGE:81,84,0
EDGE:61,62,0
EDGE:61,87,0
EDGE:87,88,0
EDGE:85,88,0
EDGE:63,85,0
EDGE:62,63,0
EDGE:59,89,0
EDGE:89,90,0
EDGE:87,90,0
EDGE:60,61,0
EDGE:57,91,0
EDGE:91,92,0
EDGE:89,92,0
EDGE:91,93,0
EDGE:93,94,0
EDGE:94,95,0
EDGE:95,96,0
EDGE:92,96,0
EDGE:96,97,0
EDGE:97,98,0
EDGE:90,98,0
EDGE:98,99,0
EDGE:99,100,0
EDGE:88,100,0
EDGE:83,86,0
EDGE:86,102,0
EDGE:102,103,0
EDGE:103,104,0
EDGE:84,104,0
EDGE:104,105,0
EDGE:105,106,0
EDGE:82,106,0
EDGE:106,107,0
EDGE:107,108,0
EDGE:80,108,0
EDGE:108,109,0
EDGE:109,110,0
EDGE:77,110,0
EDGE:110,111,0
EDGE:111,112,0
EDGE:112,113,0
EDGE:78,113,0
EDGE:109,114,0
EDGE:114,115,0
EDGE:115,116,0
EDGE:111,116,0
EDGE:107,117,0
EDGE:117,118,0
EDGE:114,118,0
EDGE:105,119,0
EDGE:119,120,0
EDGE:117,120,0
EDGE:103,121,0
EDGE:121,122,0
EDGE:119,122,0
EDGE:101,102,0
EDGE:101,123,0
EDGE:123,124,0
EDGE:121,124,0
EDGE:97,127,0
EDGE:127,128,0
EDGE:125,128,0
EDGE:99,125,0
EDGE:95,129,0
EDGE:129,130,0
EDGE:127,130,0
EDGE:129,131,0
EDGE:131,132,0
EDGE:132,133,0
EDGE:133,134,0
EDGE:130,134,0
EDGE:134,135,0
EDGE:135,136,0
EDGE:128,136,0
EDGE:123,126,0
EDGE:126,138,0
EDGE:138,139,0
EDGE:139,140,0
EDGE:124,140,0
EDGE:140,141,0
EDGE:141,142,0
EDGE:122,142,0
EDGE:142,143,0
EDGE:143,144,0
EDGE:120,144,0
EDGE:144,145,0
EDGE:145,146,0
EDGE:118,146,0
EDGE:146,147,0
EDGE:147,148,0
EDGE:115,148,0
EDGE:148,149,0
EDGE:149,150,0
EDGE:150,151,0
EDGE:116,151,0
EDGE:147,152,0
EDGE:152,153,0
EDGE:153,154,0
EDGE:149,154,0
EDGE:145,155,0
EDGE:155,156,0
EDGE:152,156,0
EDGE:135,165,0
EDGE:165,166,0
EDGE:163,166,0
EDGE:137,163,0
EDGE:136,137,0
EDGE:133,167,0
EDGE:167,168,0
EDGE:165,168,0
EDGE:167,169,0
EDGE:169,170,0
EDGE:170,171,0
EDGE:171,172,0
EDGE:168,172,0
EDGE:172,173,0
EDGE:173,174,0
EDGE:166,174,0
EDGE:174,175,0
EDGE:175,176,0
EDGE:164,176,0
EDGE:163,164,0
EDGE:161,164,0
EDGE:176,177,0
EDGE:177,178,0
EDGE:162,178,0
EDGE:161,162,0
EDGE:159,162,0
EDGE:178,179,0
EDGE:179,180,0
EDGE:160,180,0
EDGE:159,160,0
EDGE:157,160,0
EDGE:180,181,0
EDGE:181,182,0
EDGE:158,182,0
EDGE:157,158,0
EDGE:156,184,0
EDGE:184,185,0
EDGE:185,186,0
EDGE:153,186,0
EDGE:186,187,0
EDGE:187,188,0
EDGE:188,189,0
EDGE:154,189,0
EDGE:185,190,0
EDGE:190,191,0
EDGE:191,192,0
EDGE:187,192,0
EDGE:181,195,0
EDGE:195,196,0
EDGE:193,196,0
EDGE:183,193,0
EDGE:182,183,0
EDGE:179,197,0
EDGE:197,198,0
EDGE:195,198,0
EDGE:177,199,0
EDGE:199,200,0
EDGE:197,200,0
EDGE:175,201,0
EDGE:201,202,0
EDGE:199,202,0
EDGE:173,203,0
EDGE:203,204,0
EDGE:201,204,0
EDGE:171,205,0
EDGE:205,206,0
EDGE:203,206,0
EDGE:205,207,0
EDGE:207,208,0
EDGE:208,209,0
EDGE:209,210,0
EDGE:206,210,0
EDGE:210,211,0
EDGE:211,212,0
EDGE:204,212,0
EDGE:212,213,0
EDGE:213,214,0
EDGE:202,214,0
EDGE:214,215,0
EDGE:215,216,0
EDGE:200,216,0
EDGE:216,217,0
EDGE:217,218,0
EDGE:198,218,0
EDGE:218,219,0
EDGE:219,220,0
EDGE:196,220,0
EDGE:220,221,0
EDGE:221,222,0
EDGE:194,222,0
EDGE:193,194,0
EDGE:191,224,0
EDGE:224,225,0
EDGE:225,226,0
EDGE:226,227,0
EDGE:192,227,0
EDGE:221,231,0
EDGE:231,232,0
EDGE:228,232,0
EDGE:223,228,0
EDGE:222,223,0
EDGE:219,233,0
EDGE:233,234,0
EDGE:231,234,0
EDGE:217,235,0
EDGE:235,236,0
EDGE:233,236,0
EDGE:215,237,0
EDGE:237,238,0
EDGE:235,238,0
EDGE:213,239,0
EDGE:239,240,0
EDGE:237,240,0
EDGE:211,241,0
EDGE:241,242,0
EDGE:239,242,0
EDGE:209,243,0
EDGE:243,244,0
EDGE:241,244,0
EDGE:243,245,0
EDGE:245,246,0
EDGE:246,247,0
EDGE:247,248,0
EDGE:244,248,0
EDGE:248,249,0
EDGE:249,250,0
EDGE:242,250,0
EDGE:250,251,0
EDGE:251,252,0
EDGE:240,252,0
EDGE:252,253,0
EDGE:253,254,0
EDGE:238,254,0
EDGE:254,255,0
EDGE:255,256,0
EDGE:236,256,0
EDGE:256,257,0
EDGE:257,258,0
EDGE:234,258,0
EDGE:258,259,0
EDGE:259,260,0
EDGE:232,260,0
EDGE:260,261,0
EDGE:261,262,0
EDGE:229,262,0
EDGE:228,229,0
EDGE:229,230,0
EDGE:262,263,0
EDGE:263,264,0
EDGE:264,265,0
EDGE:230,265,0
EDGE:227,268,0
EDGE:268,269,0
EDGE:188,269,0
EDGE:189,270,0
EDGE:270,271,0
EDGE:150,271,0
EDGE:151,272,0
EDGE:272,273,0
EDGE:112,273,0
EDGE:113,274,0
EDGE:274,275,0
EDGE:74,275,0
EDGE:75,276,0
EDGE:276,277,0
EDGE:36,277,0
