VERSION:1
CELLWIDTH:0.14285715
CELLHEIGHT:0.14285715
NUMCELLS:37
NUMVERTS:96
NUMEDGES:72
ROBBERCELL:-1
CELL:0.39285716,0.50000006,6,0,1,2,3,4,5,1,0,4
CELL:0.5,0.4285715,6,2,6,7,8,9,3,5,9,1
CELL:0.60714287,0.35714293,6,7,10,11,12,13,8,5,5,2
CELL:0.71428573,0.28571436,6,11,14,15,16,17,12,2,0,0
CELL:0.71428573,0.4285715,6,13,12,17,18,19,20,3,0,2
CELL:0.60714287,0.50000006,6,9,8,13,20,21,22,5,10,2
CELL:0.71428573,0.57142866,6,21,20,19,23,24,25,2,0,0
CELL:0.5,0.57142866,6,4,3,9,22,26,27,5,6,3
CELL:0.60714287,0.64285725,6,26,22,21,25,28,29,5,9,3
CELL:0.71428573,0.71428585,6,28,25,24,30,31,32,2,0,0
CELL:0.2857143,0.4285715,6,33,34,35,1,0,36,5,9,2
CELL:0.17857145,0.35714293,6,37,38,39,34,33,40,5,8,0
CELL:0.07142858,0.28571436,6,41,42,43,38,37,44,2,0,0
CELL:0.07142858,0.4285715,6,45,44,37,40,46,47,2,0,0
CELL:0.17857145,0.50000006,6,46,40,33,36,48,49,5,11,0
CELL:0.07142858,0.57142866,6,50,47,46,49,51,52,4,0,4
CELL:0.2857143,0.57142866,6,48,36,0,5,53,54,5,2,4
CELL:0.17857145,0.64285725,6,51,49,48,54,55,56,5,6,1
CELL:0.07142858,0.71428585,6,57,52,51,56,58,59,2,0,0
CELL:0.39285716,0.35714293,6,35,60,61,6,2,1,5,10,3
CELL:0.39285716,0.21428578,6,62,63,64,65,61,60,5,6,1
CELL:0.39285716,0.07142863,6,66,67,68,69,64,63,2,0,0
CELL:0.5,0.1428572,6,64,69,70,71,72,65,3,0,1
CELL:0.2857143,0.1428572,6,73,74,66,63,62,75,2,0,0
CELL:0.5,0.28571436,6,61,65,72,10,7,6,5,8,1
CELL:0.60714287,0.21428579,6,72,71,76,14,11,10,2,0,0
CELL:0.2857143,0.28571436,6,39,75,62,60,35,34,5,8,0
CELL:0.17857145,0.21428579,6,43,77,73,75,39,38,3,0,0
CELL:0.39285716,0.6428572,6,53,5,4,27,78,79,5,11,2
CELL:0.39285716,0.7857143,6,80,79,78,81,82,83,5,6,4
CELL:0.39285716,0.92857146,6,84,83,82,85,86,87,2,0,0
CELL:0.5,0.8571429,6,82,81,88,89,90,85,2,0,0
CELL:0.2857143,0.8571429,6,91,92,80,83,84,93,3,0,4
CELL:0.5,0.7142858,6,78,27,26,29,88,81,5,5,3
CELL:0.60714287,0.7857144,6,88,29,28,32,94,89,3,0,3
CELL:0.2857143,0.7142858,6,55,54,53,79,80,92,5,4,4
CELL:0.17857145,0.7857144,6,58,56,55,92,91,95,2,0,0
VERTEX:0.3214286,0.50000006,0,0,1
VERTEX:0.35714287,0.4285715,0,0,1
VERTEX:0.42857146,0.4285715,0,0,1
VERTEX:0.46428573,0.50000006,0,0,1
VERTEX:0.42857146,0.57142866,0,0,1
VERTEX:0.35714287,0.57142866,0,0,1
VERTEX:0.4642857,0.35714293,0,0,1
VERTEX:0.53571427,0.35714293,0,0,1
VERTEX:0.5714286,0.4285715,0,0,1
VERTEX:0.53571427,0.50000006,0,0,1
VERTEX:0.5714286,0.28571436,0,0,1
VERTEX:0.64285713,0.28571436,0,0,1
VERTEX:0.67857146,0.35714293,0,0,1
VERTEX:0.64285713,0.4285715,0,0,1
VERTEX:0.67857146,0.21428579,0,0,0
VERTEX:0.75,0.21428579,0,0,0
VERTEX:0.7857143,0.28571436,0,0,0
VERTEX:0.75,0.35714293,0,0,0
VERTEX:0.7857143,0.4285715,0,0,0
VERTEX:0.75,0.50000006,0,0,0
VERTEX:0.67857146,0.50000006,0,0,1
VERTEX:0.64285713,0.57142866,0,0,1
VERTEX:0.5714286,0.57142866,0,0,1
VERTEX:0.7857143,0.57142866,0,0,0
VERTEX:0.75,0.64285725,0,0,0
VERTEX:0.67857146,0.64285725,0,0,1
VERTEX:0.53571427,0.64285725,0,0,1
VERTEX:0.4642857,0.64285725,0,0,1
VERTEX:0.64285713,0.71428585,0,0,1
VERTEX:0.5714286,0.71428585,0,0,1
VERTEX:0.7857143,0.71428585,0,0,0
VERTEX:0.75,0.78571445,0,0,0
VERTEX:0.67857146,0.78571445,0,0,0
VERTEX:0.21428573,0.4285715,0,0,1
VERTEX:0.25,0.35714293,0,0,1
VERTEX:0.3214286,0.35714293,0,0,1
VERTEX:0.25,0.50000006,0,0,1
VERTEX:0.10714287,0.35714293,0,0,1
VERTEX:0.14285716,0.28571436,0,0,1
VERTEX:0.21428573,0.28571436,0,0,1
VERTEX:0.14285716,0.4285715,0,0,1
VERTEX:7.4505806E-9,0.28571436,0,0,0
VERTEX:0.035714295,0.21428579,0,0,0
VERTEX:0.107142866,0.21428579,0,0,0
VERTEX:0.035714295,0.35714293,0,0,0
VERTEX:7.4505806E-9,0.4285715,0,0,0
VERTEX:0.107142866,0.50000006,0,0,1
VERTEX:0.035714295,0.50000006,0,0,0
VERTEX:0.21428573,0.57142866,0,0,1
VERTEX:0.14285716,0.57142866,0,0,1
VERTEX:7.4505806E-9,0.57142866,0,0,0
VERTEX:0.107142866,0.64285725,0,0,1
VERTEX:0.035714295,0.64285725,0,0,0
VERTEX:0.3214286,0.64285725,0,0,1
VERTEX:0.25,0.64285725,0,0,1
VERTEX:0.21428573,0.71428585,0,0,1
VERTEX:0.14285716,0.71428585,0,0,1
VERTEX:7.4505806E-9,0.71428585,0,0,0
VERTEX:0.107142866,0.78571445,0,0,0
VERTEX:0.035714295,0.78571445,0,0,0
VERTEX:0.35714287,0.28571436,0,0,1
VERTEX:0.42857146,0.28571436,0,0,1
VERTEX:0.3214286,0.21428578,0,0,1
VERTEX:0.35714287,0.1428572,0,0,1
VERTEX:0.42857146,0.1428572,0,0,1
VERTEX:0.46428573,0.21428578,0,0,1
VERTEX:0.3214286,0.07142863,0,0,0
VERTEX:0.35714287,5.2154064E-8,0,0,0
VERTEX:0.42857146,5.2154064E-8,0,0,0
VERTEX:0.46428573,0.07142863,0,0,0
VERTEX:0.53571427,0.07142862,0,0,0
VERTEX:0.5714286,0.1428572,0,0,0
VERTEX:0.53571427,0.21428576,0,0,1
VERTEX:0.21428573,0.1428572,0,0,0
VERTEX:0.25,0.07142862,0,0,0
VERTEX:0.25,0.21428576,0,0,1
VERTEX:0.64285713,0.14285722,0,0,0
VERTEX:0.14285716,0.14285722,0,0,0
VERTEX:0.42857146,0.7142858,0,0,1
VERTEX:0.35714287,0.7142858,0,0,1
VERTEX:0.3214286,0.7857143,0,0,1
VERTEX:0.46428573,0.7857143,0,0,1
VERTEX:0.42857146,0.8571429,0,0,1
VERTEX:0.35714287,0.8571429,0,0,1
VERTEX:0.3214286,0.92857146,0,0,0
VERTEX:0.46428573,0.92857146,0,0,0
VERTEX:0.42857146,1.0,0,0,0
VERTEX:0.35714287,1.0,0,0,0
VERTEX:0.53571427,0.7857143,0,0,1
VERTEX:0.5714286,0.8571429,0,0,0
VERTEX:0.53571427,0.9285715,0,0,0
VERTEX:0.21428573,0.8571429,0,0,0
VERTEX:0.25,0.7857143,0,0,1
VERTEX:0.25,0.9285715,0,0,0
VERTEX:0.64285713,0.857143,0,0,0
VERTEX:0.14285716,0.857143,0,0,0
EDGE:0,1,0
EDGE:1,2,0
EDGE:2,3,0
EDGE:3,4,0
EDGE:4,5,0
EDGE:0,5,0
EDGE:2,6,0
EDGE:6,7,0
EDGE:7,8,0
EDGE:8,9,0
EDGE:3,9,0
EDGE:7,10,0
EDGE:10,11,0
EDGE:11,12,0
EDGE:12,13,0
EDGE:8,13,0
EDGE:13,20,0
EDGE:20,21,0
EDGE:21,22,0
EDGE:9,22,0
EDGE:22,26,0
EDGE:26,27,0
EDGE:4,27,0
EDGE:21,25,0
EDGE:25,28,0
EDGE:28,29,0
EDGE:26,29,0
EDGE:33,34,0
EDGE:34,35,0
EDGE:1,35,0
EDGE:0,36,0
EDGE:33,36,0
EDGE:37,38,0
EDGE:38,39,0
EDGE:34,39,0
EDGE:33,40,0
EDGE:37,40,0
EDGE:40,46,0
EDGE:36,48,0
EDGE:48,49,0
EDGE:46,49,0
EDGE:5,53,0
EDGE:53,54,0
EDGE:48,54,0
EDGE:49,51,0
EDGE:54,55,0
EDGE:55,56,0
EDGE:51,56,0
EDGE:35,60,0
EDGE:60,61,0
EDGE:6,61,0
EDGE:62,63,0
EDGE:63,64,0
EDGE:64,65,0
EDGE:61,65,0
EDGE:60,62,0
EDGE:65,72,0
EDGE:10,72,0
EDGE:39,75,0
EDGE:62,75,0
EDGE:27,78,0
EDGE:78,79,0
EDGE:53,79,0
EDGE:79,80,0
EDGE:78,81,0
EDGE:81,82,0
EDGE:82,83,0
EDGE:80,83,0
EDGE:29,88,0
EDGE:81,88,0
EDGE:80,92,0
EDGE:55,92,0
