BOARDNAME:default
ROBBERCELL:-1
CELL(1):140,180,6,0,1,2,3,4,5,5,3,3
CELL(2):170,160,6,2,6,7,8,9,3,5,12,4
CELL(3):200,140,6,7,10,11,12,13,8,5,2,1
CELL(4):230,120,6,11,14,15,16,17,12,5,11,3
CELL(5):260,100,6,15,18,19,20,21,16,2,0,0
CELL(6):260,140,6,17,16,21,22,23,24,3,0,4
CELL(7):230,160,6,13,12,17,24,25,26,5,5,0
CELL(8):260,180,6,25,24,23,27,28,29,2,0,0
CELL(9):200,180,6,9,8,13,26,30,31,1,0,0
CELL(10):230,200,6,30,26,25,29,32,33,5,8,4
CELL(11):260,220,6,32,29,28,34,35,36,4,0,4
CELL(12):170,200,6,4,3,9,31,37,38,5,6,1
CELL(13):200,220,6,37,31,30,33,39,40,5,10,2
CELL(14):230,240,6,39,33,32,36,41,42,5,9,1
CELL(15):260,260,6,41,36,35,43,44,45,2,0,0
CELL(16):110,160,6,46,47,48,1,0,49,5,4,3
CELL(17):80,140,6,50,51,52,47,46,53,5,3,4
CELL(18):50,120,6,54,55,56,51,50,57,5,6,1
CELL(19):20,100,6,58,59,60,55,54,61,2,0,0
CELL(20):20,140,6,62,61,54,57,63,64,4,0,0
CELL(21):50,160,6,63,57,50,53,65,66,5,2,2
CELL(22):20,180,6,67,64,63,66,68,69,2,0,0
CELL(23):80,180,6,65,53,46,49,70,71,1,0,0
CELL(24):50,200,6,68,66,65,71,72,73,5,11,0
CELL(25):20,220,6,74,69,68,73,75,76,3,0,3
CELL(26):110,200,6,70,49,0,5,77,78,5,5,4
CELL(27):80,220,6,72,71,70,78,79,80,5,8,1
CELL(28):50,240,6,75,73,72,80,81,82,5,6,3
CELL(29):20,260,6,83,76,75,82,84,85,2,0,0
CELL(30):140,140,6,48,86,87,6,2,1,5,10,0
CELL(31):140,100,6,88,89,90,91,87,86,5,9,3
CELL(32):140,60,6,92,93,94,95,90,89,5,4,0
CELL(33):140,20,6,96,97,98,99,94,93,2,0,0
CELL(34):170,40,6,94,99,100,101,102,95,3,0,1
CELL(35):110,40,6,103,104,96,93,92,105,4,4,3
CELL(36):170,80,6,90,95,102,106,107,91,5,3,2
CELL(37):200,60,6,102,101,108,109,110,106,2,0,0
CELL(38):110,80,6,111,105,92,89,88,112,5,12,3
CELL(39):80,60,6,113,114,103,105,111,115,2,0,0
CELL(40):170,120,6,87,91,107,10,7,6,5,2,0
CELL(41):200,100,6,107,106,110,14,11,10,5,11,4
CELL(42):230,80,6,110,109,116,18,15,14,4,0,2
CELL(43):110,120,6,52,112,88,86,48,47,5,5,4
CELL(44):80,100,6,56,115,111,112,52,51,5,5,2
CELL(45):50,80,6,60,117,113,115,56,55,3,0,2
CELL(46):140,220,6,77,5,4,38,118,119,5,6,0
CELL(47):140,260,6,120,119,118,121,122,123,5,10,3
CELL(48):140,300,6,124,123,122,125,126,127,5,9,0
CELL(49):140,340,6,128,127,126,129,130,131,2,0,0
CELL(50):170,320,6,126,125,132,133,134,129,4,0,0
CELL(51):110,320,6,135,136,124,127,128,137,3,0,0
CELL(52):170,280,6,122,121,138,139,132,125,5,4,2
CELL(53):200,300,6,132,139,140,141,142,133,2,0,0
CELL(54):110,280,6,143,144,120,123,124,136,5,3,3
CELL(55):80,300,6,145,146,143,136,135,147,2,0,0
CELL(56):170,240,6,118,38,37,40,138,121,5,12,0
CELL(57):200,260,6,138,40,39,42,140,139,5,2,3
CELL(58):230,280,6,140,42,41,45,148,141,3,0,4
CELL(59):110,240,6,79,78,77,119,120,144,5,11,1
CELL(60):80,260,6,81,80,79,144,143,146,5,5,2
CELL(61):50,280,6,84,82,81,146,145,149,4,0,0
VERTEX(1): 120,180,0,0,1
VERTEX(2): 130,160,0,0,1
VERTEX(3): 150,160,0,0,1
VERTEX(4): 160,180,0,0,1
VERTEX(5): 150,200,0,0,1
VERTEX(6): 130,200,0,0,1
VERTEX(7): 160,140,0,0,1
VERTEX(8): 180,140,0,0,1
VERTEX(9): 190,160,0,0,1
VERTEX(10): 180,180,0,0,1
VERTEX(11): 190,120,0,0,1
VERTEX(12): 210,120,0,0,1
VERTEX(13): 220,140,0,0,1
VERTEX(14): 210,160,0,0,1
VERTEX(15): 220,100,0,0,1
VERTEX(16): 240,100,0,0,1
VERTEX(17): 250,120,0,0,1
VERTEX(18): 240,140,0,0,1
VERTEX(19): 250,80,0,0,0
VERTEX(20): 270,80,0,0,0
VERTEX(21): 280,100,0,0,0
VERTEX(22): 270,120,0,0,0
VERTEX(23): 280,140,0,0,0
VERTEX(24): 270,160,0,0,0
VERTEX(25): 250,160,0,0,1
VERTEX(26): 240,180,0,0,1
VERTEX(27): 220,180,0,0,1
VERTEX(28): 280,180,0,0,0
VERTEX(29): 270,200,0,0,0
VERTEX(30): 250,200,0,0,1
VERTEX(31): 210,200,0,0,1
VERTEX(32): 190,200,0,0,1
VERTEX(33): 240,220,0,0,1
VERTEX(34): 220,220,0,0,1
VERTEX(35): 280,220,0,0,0
VERTEX(36): 270,240,0,0,0
VERTEX(37): 250,240,0,0,1
VERTEX(38): 180,220,0,0,1
VERTEX(39): 160,220,0,0,1
VERTEX(40): 210,240,0,0,1
VERTEX(41): 190,240,0,0,1
VERTEX(42): 240,260,0,0,1
VERTEX(43): 220,260,0,0,1
VERTEX(44): 280,260,0,0,0
VERTEX(45): 270,280,0,0,0
VERTEX(46): 250,280,0,0,0
VERTEX(47): 90,160,0,0,1
VERTEX(48): 100,140,0,0,1
VERTEX(49): 120,140,0,0,1
VERTEX(50): 100,180,0,0,1
VERTEX(51): 60,140,0,0,1
VERTEX(52): 70,120,0,0,1
VERTEX(53): 90,120,0,0,1
VERTEX(54): 70,160,0,0,1
VERTEX(55): 30,120,0,0,1
VERTEX(56): 40,100,0,0,1
VERTEX(57): 60,100,0,0,1
VERTEX(58): 40,140,0,0,1
VERTEX(59): 0,100,0,0,0
VERTEX(60): 10,80,0,0,0
VERTEX(61): 30,80,0,0,0
VERTEX(62): 10,120,0,0,0
VERTEX(63): 0,140,0,0,0
VERTEX(64): 30,160,0,0,1
VERTEX(65): 10,160,0,0,0
VERTEX(66): 60,180,0,0,1
VERTEX(67): 40,180,0,0,1
VERTEX(68): 0,180,0,0,0
VERTEX(69): 30,200,0,0,1
VERTEX(70): 10,200,0,0,0
VERTEX(71): 90,200,0,0,1
VERTEX(72): 70,200,0,0,1
VERTEX(73): 60,220,0,0,1
VERTEX(74): 40,220,0,0,1
VERTEX(75): 0,220,0,0,0
VERTEX(76): 30,240,0,0,1
VERTEX(77): 10,240,0,0,0
VERTEX(78): 120,220,0,0,1
VERTEX(79): 100,220,0,0,1
VERTEX(80): 90,240,0,0,1
VERTEX(81): 70,240,0,0,1
VERTEX(82): 60,260,0,0,1
VERTEX(83): 40,260,0,0,1
VERTEX(84): 0,260,0,0,0
VERTEX(85): 30,280,0,0,0
VERTEX(86): 10,280,0,0,0
VERTEX(87): 130,120,0,0,1
VERTEX(88): 150,120,0,0,1
VERTEX(89): 120,100,0,0,1
VERTEX(90): 130,80,0,0,1
VERTEX(91): 150,80,0,0,1
VERTEX(92): 160,100,0,0,1
VERTEX(93): 120,60,0,0,1
VERTEX(94): 130,40,0,0,1
VERTEX(95): 150,40,0,0,1
VERTEX(96): 160,60,0,0,1
VERTEX(97): 120,20,0,0,0
VERTEX(98): 130,0,0,0,0
VERTEX(99): 150,0,0,0,0
VERTEX(100): 160,20,0,0,0
VERTEX(101): 180,20,0,0,0
VERTEX(102): 190,40,0,0,0
VERTEX(103): 180,60,0,0,1
VERTEX(104): 90,40,0,0,0
VERTEX(105): 100,20,0,0,0
VERTEX(106): 100,60,0,0,1
VERTEX(107): 190,80,0,0,1
VERTEX(108): 180,100,0,0,1
VERTEX(109): 210,40,0,0,0
VERTEX(110): 220,60,0,0,0
VERTEX(111): 210,80,0,0,1
VERTEX(112): 90,80,0,0,1
VERTEX(113): 100,100,0,0,1
VERTEX(114): 60,60,0,0,0
VERTEX(115): 70,40,0,0,0
VERTEX(116): 70,80,0,0,1
VERTEX(117): 240,60,0,0,0
VERTEX(118): 40,60,0,0,0
VERTEX(119): 150,240,0,0,1
VERTEX(120): 130,240,0,0,1
VERTEX(121): 120,260,0,0,1
VERTEX(122): 160,260,0,0,1
VERTEX(123): 150,280,0,0,1
VERTEX(124): 130,280,0,0,1
VERTEX(125): 120,300,0,0,1
VERTEX(126): 160,300,0,0,1
VERTEX(127): 150,320,0,0,1
VERTEX(128): 130,320,0,0,1
VERTEX(129): 120,340,0,0,0
VERTEX(130): 160,340,0,0,0
VERTEX(131): 150,360,0,0,0
VERTEX(132): 130,360,0,0,0
VERTEX(133): 180,300,0,0,1
VERTEX(134): 190,320,0,0,0
VERTEX(135): 180,340,0,0,0
VERTEX(136): 90,320,0,0,0
VERTEX(137): 100,300,0,0,1
VERTEX(138): 100,340,0,0,0
VERTEX(139): 180,260,0,0,1
VERTEX(140): 190,280,0,0,1
VERTEX(141): 210,280,0,0,1
VERTEX(142): 220,300,0,0,0
VERTEX(143): 210,320,0,0,0
VERTEX(144): 90,280,0,0,1
VERTEX(145): 100,260,0,0,1
VERTEX(146): 60,300,0,0,0
VERTEX(147): 70,280,0,0,1
VERTEX(148): 70,320,0,0,0
VERTEX(149): 240,300,0,0,0
VERTEX(150): 40,300,0,0,0
EDGE(1): 0,1,0
EDGE(2): 1,2,0
EDGE(3): 2,3,0
EDGE(4): 3,4,0
EDGE(5): 4,5,0
EDGE(6): 0,5,0
EDGE(7): 2,6,0
EDGE(8): 6,7,0
EDGE(9): 7,8,0
EDGE(10): 8,9,0
EDGE(11): 3,9,0
EDGE(12): 7,10,0
EDGE(13): 10,11,0
EDGE(14): 11,12,0
EDGE(15): 12,13,0
EDGE(16): 8,13,0
EDGE(17): 11,14,0
EDGE(18): 14,15,0
EDGE(19): 15,16,0
EDGE(20): 16,17,0
EDGE(21): 12,17,0
EDGE(22): 17,24,0
EDGE(23): 24,25,0
EDGE(24): 25,26,0
EDGE(25): 13,26,0
EDGE(26): 26,30,0
EDGE(27): 30,31,0
EDGE(28): 9,31,0
EDGE(29): 25,29,0
EDGE(30): 29,32,0
EDGE(31): 32,33,0
EDGE(32): 30,33,0
EDGE(33): 31,37,0
EDGE(34): 37,38,0
EDGE(35): 4,38,0
EDGE(36): 33,39,0
EDGE(37): 39,40,0
EDGE(38): 37,40,0
EDGE(39): 32,36,0
EDGE(40): 36,41,0
EDGE(41): 41,42,0
EDGE(42): 39,42,0
EDGE(43): 46,47,0
EDGE(44): 47,48,0
EDGE(45): 1,48,0
EDGE(46): 0,49,0
EDGE(47): 46,49,0
EDGE(48): 50,51,0
EDGE(49): 51,52,0
EDGE(50): 47,52,0
EDGE(51): 46,53,0
EDGE(52): 50,53,0
EDGE(53): 54,55,0
EDGE(54): 55,56,0
EDGE(55): 51,56,0
EDGE(56): 50,57,0
EDGE(57): 54,57,0
EDGE(58): 57,63,0
EDGE(59): 53,65,0
EDGE(60): 65,66,0
EDGE(61): 63,66,0
EDGE(62): 49,70,0
EDGE(63): 70,71,0
EDGE(64): 65,71,0
EDGE(65): 66,68,0
EDGE(66): 71,72,0
EDGE(67): 72,73,0
EDGE(68): 68,73,0
EDGE(69): 5,77,0
EDGE(70): 77,78,0
EDGE(71): 70,78,0
EDGE(72): 78,79,0
EDGE(73): 79,80,0
EDGE(74): 72,80,0
EDGE(75): 73,75,0
EDGE(76): 80,81,0
EDGE(77): 81,82,0
EDGE(78): 75,82,0
EDGE(79): 48,86,0
EDGE(80): 86,87,0
EDGE(81): 6,87,0
EDGE(82): 88,89,0
EDGE(83): 89,90,0
EDGE(84): 90,91,0
EDGE(85): 87,91,0
EDGE(86): 86,88,0
EDGE(87): 92,93,0
EDGE(88): 93,94,0
EDGE(89): 94,95,0
EDGE(90): 90,95,0
EDGE(91): 89,92,0
EDGE(92): 95,102,0
EDGE(93): 102,106,0
EDGE(94): 106,107,0
EDGE(95): 91,107,0
EDGE(96): 105,111,0
EDGE(97): 92,105,0
EDGE(98): 88,112,0
EDGE(99): 111,112,0
EDGE(100): 10,107,0
EDGE(101): 106,110,0
EDGE(102): 14,110,0
EDGE(103): 52,112,0
EDGE(104): 56,115,0
EDGE(105): 111,115,0
EDGE(106): 38,118,0
EDGE(107): 118,119,0
EDGE(108): 77,119,0
EDGE(109): 119,120,0
EDGE(110): 118,121,0
EDGE(111): 121,122,0
EDGE(112): 122,123,0
EDGE(113): 120,123,0
EDGE(114): 123,124,0
EDGE(115): 122,125,0
EDGE(116): 125,126,0
EDGE(117): 126,127,0
EDGE(118): 124,127,0
EDGE(119): 121,138,0
EDGE(120): 138,139,0
EDGE(121): 132,139,0
EDGE(122): 125,132,0
EDGE(123): 143,144,0
EDGE(124): 120,144,0
EDGE(125): 124,136,0
EDGE(126): 136,143,0
EDGE(127): 40,138,0
EDGE(128): 42,140,0
EDGE(129): 139,140,0
EDGE(130): 79,144,0
EDGE(131): 143,146,0
EDGE(132): 81,146,0
