VERSION:1
CELLWIDTH:0.125
CELLHEIGHT:0.125
NUMCELLS:72
NUMVERTS:185
NUMEDGES:158
ROBBERCELL:-1
CELL:0.0625,0.0625,6,0,1,2,3,4,5,2,0,0
CELL:0.0625,0.1875,6,6,5,4,7,8,9,2,0,0
CELL:0.0625,0.3125,6,10,9,8,11,12,13,2,0,0
CELL:0.0625,0.4375,6,14,13,12,15,16,17,2,0,0
CELL:0.0625,0.5625,6,18,17,16,19,20,21,2,0,0
CELL:0.0625,0.6875,6,22,21,20,23,24,25,2,0,0
CELL:0.0625,0.8125,6,26,25,24,27,28,29,2,0,0
CELL:0.0625,0.9375,6,30,29,28,31,32,33,2,0,0
CELL:0.15625,0.875,6,28,27,34,35,36,31,3,0,0
CELL:0.15625,0.75,6,24,23,37,38,34,27,5,4,0
CELL:0.15625,0.625,6,20,19,39,40,37,23,1,6,1
CELL:0.15625,0.5,6,16,15,41,42,39,19,1,8,3
CELL:0.15625,0.375,6,12,11,43,44,41,15,5,12,4
CELL:0.15625,0.25,6,8,7,45,46,43,11,5,3,2
CELL:0.15625,0.125,6,4,3,47,48,45,7,3,0,2
CELL:0.25,0.0625,6,47,49,50,51,52,48,2,0,0
CELL:0.25,0.1875,6,45,48,52,53,54,46,5,5,2
CELL:0.25,0.3125,6,43,46,54,55,56,44,5,6,0
CELL:0.25,0.4375,6,41,44,56,57,58,42,5,10,2
CELL:0.25,0.5625,6,39,42,58,59,60,40,5,8,1
CELL:0.25,0.6875,6,37,40,60,61,62,38,5,4,3
CELL:0.25,0.8125,6,34,38,62,63,64,35,5,4,0
CELL:0.25,0.9375,6,36,35,64,65,66,67,2,0,0
CELL:0.34375,0.875,6,64,63,68,69,70,65,2,0,0
CELL:0.34375,0.75,6,62,61,71,72,68,63,5,9,4
CELL:0.34375,0.625,6,60,59,73,74,71,61,5,10,0
CELL:0.90625,0.125,6,154,153,183,184,181,155,2,0,0
CELL:0.34375,0.375,6,56,55,77,78,75,57,5,8,2
CELL:0.34375,0.25,6,54,53,79,80,77,55,5,2,1
CELL:0.34375,0.125,6,52,51,81,82,79,53,2,0,0
CELL:0.4375,0.0625,6,81,83,84,85,86,82,2,0,0
CELL:0.4375,0.1875,6,79,82,86,87,88,80,5,5,3
CELL:0.4375,0.3125,6,77,80,88,89,90,78,5,8,4
CELL:0.4375,0.4375,6,75,78,90,91,92,76,5,5,0
CELL:0.4375,0.5625,6,73,76,92,93,94,74,5,11,2
CELL:0.4375,0.6875,6,71,74,94,95,96,72,5,3,1
CELL:0.4375,0.8125,6,68,72,96,97,98,69,5,9,3
CELL:0.4375,0.9375,6,70,69,98,99,100,101,2,0,0
CELL:0.53125,0.875,6,98,97,102,103,104,99,2,0,0
CELL:0.53125,0.75,6,96,95,105,106,102,97,5,6,4
CELL:0.53125,0.625,6,94,93,107,108,105,95,5,9,0
CELL:0.53125,0.5,6,92,91,109,110,107,93,5,6,2
CELL:0.90625,0.25,6,156,155,181,182,179,157,3,0,3
CELL:0.53125,0.25,6,88,87,113,114,111,89,5,5,1
CELL:0.53125,0.125,6,86,85,115,116,113,87,2,0,0
CELL:0.625,0.0625,6,115,117,118,119,120,116,2,0,0
CELL:0.625,0.1875,6,113,116,120,121,122,114,5,11,3
CELL:0.625,0.3125,6,111,114,122,123,124,112,5,9,4
CELL:0.625,0.4375,6,109,112,124,125,126,110,5,10,0
CELL:0.625,0.5625,6,107,110,126,127,128,108,5,4,2
CELL:0.90625,0.375,6,158,157,179,180,177,159,2,0,0
CELL:0.625,0.8125,6,102,106,130,131,132,103,5,6,1
CELL:0.625,0.9375,6,104,103,132,133,134,135,2,0,0
CELL:0.71875,0.875,6,132,131,136,137,138,133,2,0,0
CELL:0.71875,0.75,6,130,129,139,140,136,131,5,8,3
CELL:0.71875,0.625,6,128,127,141,142,139,129,5,12,4
CELL:0.71875,0.5,6,126,125,143,144,141,127,5,3,0
CELL:0.71875,0.375,6,124,123,145,146,143,125,5,5,2
CELL:0.71875,0.25,6,122,121,147,148,145,123,5,6,3
CELL:0.71875,0.125,6,120,119,149,150,147,121,4,0,4
CELL:0.8125,0.0625,6,149,151,152,153,154,150,2,0,0
CELL:0.8125,0.1875,6,147,150,154,155,156,148,5,10,3
CELL:0.8125,0.3125,6,145,148,156,157,158,146,5,8,3
CELL:0.8125,0.4375,6,143,146,158,159,160,144,5,4,1
CELL:0.8125,0.5625,6,141,144,160,161,162,142,5,4,3
CELL:0.8125,0.6875,6,139,142,162,163,164,140,5,9,1
CELL:0.8125,0.8125,6,136,140,164,165,166,137,5,10,1
CELL:0.8125,0.9375,6,138,137,166,167,168,169,2,0,0
CELL:0.90625,0.875,6,166,165,170,171,172,167,2,0,0
CELL:0.90625,0.75,6,164,163,173,174,170,165,3,0,1
CELL:0.90625,0.625,6,162,161,175,176,173,163,2,0,0
CELL:0.90625,0.5,6,160,159,177,178,175,161,2,0,0
VERTEX:0.0,0.0625,0,0,0
VERTEX:0.03125,0.0,0,0,0
VERTEX:0.09375,0.0,0,0,0
VERTEX:0.125,0.0625,0,0,0
VERTEX:0.09375,0.125,0,0,0
VERTEX:0.03125,0.125,0,0,0
VERTEX:0.0,0.1875,0,0,0
VERTEX:0.125,0.1875,0,0,1
VERTEX:0.09375,0.25,0,0,1
VERTEX:0.03125,0.25,0,0,0
VERTEX:0.0,0.3125,0,0,0
VERTEX:0.125,0.3125,0,0,1
VERTEX:0.09375,0.375,0,0,1
VERTEX:0.03125,0.375,0,0,0
VERTEX:0.0,0.4375,0,0,0
VERTEX:0.125,0.4375,0,0,1
VERTEX:0.09375,0.5,0,0,1
VERTEX:0.03125,0.5,0,0,0
VERTEX:0.0,0.5625,0,0,0
VERTEX:0.125,0.5625,0,0,1
VERTEX:0.09375,0.625,0,0,1
VERTEX:0.03125,0.625,0,0,0
VERTEX:0.0,0.6875,0,0,0
VERTEX:0.125,0.6875,0,0,1
VERTEX:0.09375,0.75,0,0,1
VERTEX:0.03125,0.75,0,0,0
VERTEX:0.0,0.8125,0,0,0
VERTEX:0.125,0.8125,0,0,1
VERTEX:0.09375,0.875,0,0,0
VERTEX:0.03125,0.875,0,0,0
VERTEX:0.0,0.9375,0,0,0
VERTEX:0.125,0.9375,0,0,0
VERTEX:0.09375,1.0,0,0,0
VERTEX:0.03125,1.0,0,0,0
VERTEX:0.1875,0.8125,0,0,1
VERTEX:0.21875,0.875,0,0,1
VERTEX:0.1875,0.9375,0,0,0
VERTEX:0.1875,0.6875,0,0,1
VERTEX:0.21875,0.75,0,0,1
VERTEX:0.1875,0.5625,0,0,1
VERTEX:0.21875,0.625,0,0,1
VERTEX:0.1875,0.4375,0,0,1
VERTEX:0.21875,0.5,0,0,1
VERTEX:0.1875,0.3125,0,0,1
VERTEX:0.21875,0.375,0,0,1
VERTEX:0.1875,0.1875,0,0,1
VERTEX:0.21875,0.25,0,0,1
VERTEX:0.1875,0.0625,0,0,0
VERTEX:0.21875,0.125,0,0,1
VERTEX:0.21875,0.0,0,0,0
VERTEX:0.28125,0.0,0,0,0
VERTEX:0.3125,0.0625,0,0,0
VERTEX:0.28125,0.125,0,0,1
VERTEX:0.3125,0.1875,0,0,1
VERTEX:0.28125,0.25,0,0,1
VERTEX:0.3125,0.3125,0,0,1
VERTEX:0.28125,0.375,0,0,1
VERTEX:0.3125,0.4375,0,0,1
VERTEX:0.28125,0.5,0,0,1
VERTEX:0.3125,0.5625,0,0,1
VERTEX:0.28125,0.625,0,0,1
VERTEX:0.3125,0.6875,0,0,1
VERTEX:0.28125,0.75,0,0,1
VERTEX:0.3125,0.8125,0,0,1
VERTEX:0.28125,0.875,0,0,1
VERTEX:0.3125,0.9375,0,0,0
VERTEX:0.28125,1.0,0,0,0
VERTEX:0.21875,1.0,0,0,0
VERTEX:0.375,0.8125,0,0,1
VERTEX:0.40625,0.875,0,0,1
VERTEX:0.375,0.9375,0,0,0
VERTEX:0.375,0.6875,0,0,1
VERTEX:0.40625,0.75,0,0,1
VERTEX:0.375,0.5625,0,0,1
VERTEX:0.40625,0.625,0,0,1
VERTEX:0.375,0.4375,0,0,1
VERTEX:0.40625,0.5,0,0,1
VERTEX:0.375,0.3125,0,0,1
VERTEX:0.40625,0.375,0,0,1
VERTEX:0.375,0.1875,0,0,1
VERTEX:0.40625,0.25,0,0,1
VERTEX:0.375,0.0625,0,0,0
VERTEX:0.40625,0.125,0,0,1
VERTEX:0.40625,0.0,0,0,0
VERTEX:0.46875,0.0,0,0,0
VERTEX:0.5,0.0625,0,0,0
VERTEX:0.46875,0.125,0,0,1
VERTEX:0.5,0.1875,0,0,1
VERTEX:0.46875,0.25,0,0,1
VERTEX:0.5,0.3125,0,0,1
VERTEX:0.46875,0.375,0,0,1
VERTEX:0.5,0.4375,0,0,1
VERTEX:0.46875,0.5,0,0,1
VERTEX:0.5,0.5625,0,0,1
VERTEX:0.46875,0.625,0,0,1
VERTEX:0.5,0.6875,0,0,1
VERTEX:0.46875,0.75,0,0,1
VERTEX:0.5,0.8125,0,0,1
VERTEX:0.46875,0.875,0,0,1
VERTEX:0.5,0.9375,0,0,0
VERTEX:0.46875,1.0,0,0,0
VERTEX:0.40625,1.0,0,0,0
VERTEX:0.5625,0.8125,0,0,1
VERTEX:0.59375,0.875,0,0,1
VERTEX:0.5625,0.9375,0,0,0
VERTEX:0.5625,0.6875,0,0,1
VERTEX:0.59375,0.75,0,0,1
VERTEX:0.5625,0.5625,0,0,1
VERTEX:0.59375,0.625,0,0,1
VERTEX:0.5625,0.4375,0,0,1
VERTEX:0.59375,0.5,0,0,1
VERTEX:0.5625,0.3125,0,0,1
VERTEX:0.59375,0.375,0,0,1
VERTEX:0.5625,0.1875,0,0,1
VERTEX:0.59375,0.25,0,0,1
VERTEX:0.5625,0.0625,0,0,0
VERTEX:0.59375,0.125,0,0,1
VERTEX:0.59375,0.0,0,0,0
VERTEX:0.65625,0.0,0,0,0
VERTEX:0.6875,0.0625,0,0,0
VERTEX:0.65625,0.125,0,0,1
VERTEX:0.6875,0.1875,0,0,1
VERTEX:0.65625,0.25,0,0,1
VERTEX:0.6875,0.3125,0,0,1
VERTEX:0.65625,0.375,0,0,1
VERTEX:0.6875,0.4375,0,0,1
VERTEX:0.65625,0.5,0,0,1
VERTEX:0.6875,0.5625,0,0,1
VERTEX:0.65625,0.625,0,0,1
VERTEX:0.6875,0.6875,0,0,1
VERTEX:0.65625,0.75,0,0,1
VERTEX:0.6875,0.8125,0,0,1
VERTEX:0.65625,0.875,0,0,1
VERTEX:0.6875,0.9375,0,0,0
VERTEX:0.65625,1.0,0,0,0
VERTEX:0.59375,1.0,0,0,0
VERTEX:0.75,0.8125,0,0,1
VERTEX:0.78125,0.875,0,0,1
VERTEX:0.75,0.9375,0,0,0
VERTEX:0.75,0.6875,0,0,1
VERTEX:0.78125,0.75,0,0,1
VERTEX:0.75,0.5625,0,0,1
VERTEX:0.78125,0.625,0,0,1
VERTEX:0.75,0.4375,0,0,1
VERTEX:0.78125,0.5,0,0,1
VERTEX:0.75,0.3125,0,0,1
VERTEX:0.78125,0.375,0,0,1
VERTEX:0.75,0.1875,0,0,1
VERTEX:0.78125,0.25,0,0,1
VERTEX:0.75,0.0625,0,0,0
VERTEX:0.78125,0.125,0,0,1
VERTEX:0.78125,0.0,0,0,0
VERTEX:0.84375,0.0,0,0,0
VERTEX:0.875,0.0625,0,0,0
VERTEX:0.84375,0.125,0,0,1
VERTEX:0.875,0.1875,0,0,1
VERTEX:0.84375,0.25,0,0,1
VERTEX:0.875,0.3125,0,0,1
VERTEX:0.84375,0.375,0,0,1
VERTEX:0.875,0.4375,0,0,1
VERTEX:0.84375,0.5,0,0,1
VERTEX:0.875,0.5625,0,0,1
VERTEX:0.84375,0.625,0,0,1
VERTEX:0.875,0.6875,0,0,1
VERTEX:0.84375,0.75,0,0,1
VERTEX:0.875,0.8125,0,0,1
VERTEX:0.84375,0.875,0,0,1
VERTEX:0.875,0.9375,0,0,0
VERTEX:0.84375,1.0,0,0,0
VERTEX:0.78125,1.0,0,0,0
VERTEX:0.9375,0.8125,0,0,0
VERTEX:0.96875,0.875,0,0,0
VERTEX:0.9375,0.9375,0,0,0
VERTEX:0.9375,0.6875,0,0,0
VERTEX:0.96875,0.75,0,0,0
VERTEX:0.9375,0.5625,0,0,0
VERTEX:0.96875,0.625,0,0,0
VERTEX:0.9375,0.4375,0,0,0
VERTEX:0.96875,0.5,0,0,0
VERTEX:0.9375,0.3125,0,0,0
VERTEX:0.96875,0.375,0,0,0
VERTEX:0.9375,0.1875,0,0,0
VERTEX:0.96875,0.25,0,0,0
VERTEX:0.9375,0.0625,0,0,0
VERTEX:0.96875,0.125,0,0,0
EDGE:23,24,0
EDGE:23,37,0
EDGE:37,38,0
EDGE:34,38,0
EDGE:27,34,0
EDGE:24,27,0
EDGE:19,20,0
EDGE:19,39,0
EDGE:39,40,0
EDGE:37,40,0
EDGE:20,23,0
EDGE:15,16,0
EDGE:15,41,0
EDGE:41,42,0
EDGE:39,42,0
EDGE:16,19,0
EDGE:11,12,0
EDGE:11,43,0
EDGE:43,44,0
EDGE:41,44,0
EDGE:12,15,0
EDGE:7,8,0
EDGE:7,45,0
EDGE:45,46,0
EDGE:43,46,0
EDGE:8,11,0
EDGE:45,48,0
EDGE:48,52,0
EDGE:52,53,0
EDGE:53,54,0
EDGE:46,54,0
EDGE:54,55,0
EDGE:55,56,0
EDGE:44,56,0
EDGE:56,57,0
EDGE:57,58,0
EDGE:42,58,0
EDGE:58,59,0
EDGE:59,60,0
EDGE:40,60,0
EDGE:60,61,0
EDGE:61,62,0
EDGE:38,62,0
EDGE:62,63,0
EDGE:63,64,0
EDGE:35,64,0
EDGE:34,35,0
EDGE:61,71,0
EDGE:71,72,0
EDGE:68,72,0
EDGE:63,68,0
EDGE:59,73,0
EDGE:73,74,0
EDGE:71,74,0
EDGE:55,77,0
EDGE:77,78,0
EDGE:75,78,0
EDGE:57,75,0
EDGE:53,79,0
EDGE:79,80,0
EDGE:77,80,0
EDGE:79,82,0
EDGE:82,86,0
EDGE:86,87,0
EDGE:87,88,0
EDGE:80,88,0
EDGE:88,89,0
EDGE:89,90,0
EDGE:78,90,0
EDGE:90,91,0
EDGE:91,92,0
EDGE:76,92,0
EDGE:75,76,0
EDGE:73,76,0
EDGE:92,93,0
EDGE:93,94,0
EDGE:74,94,0
EDGE:94,95,0
EDGE:95,96,0
EDGE:72,96,0
EDGE:96,97,0
EDGE:97,98,0
EDGE:69,98,0
EDGE:68,69,0
EDGE:95,105,0
EDGE:105,106,0
EDGE:102,106,0
EDGE:97,102,0
EDGE:93,107,0
EDGE:107,108,0
EDGE:105,108,0
EDGE:91,109,0
EDGE:109,110,0
EDGE:107,110,0
EDGE:87,113,0
EDGE:113,114,0
EDGE:111,114,0
EDGE:89,111,0
EDGE:113,116,0
EDGE:116,120,0
EDGE:120,121,0
EDGE:121,122,0
EDGE:114,122,0
EDGE:122,123,0
EDGE:123,124,0
EDGE:112,124,0
EDGE:111,112,0
EDGE:109,112,0
EDGE:124,125,0
EDGE:125,126,0
EDGE:110,126,0
EDGE:126,127,0
EDGE:127,128,0
EDGE:108,128,0
EDGE:106,130,0
EDGE:130,131,0
EDGE:131,132,0
EDGE:103,132,0
EDGE:102,103,0
EDGE:129,130,0
EDGE:129,139,0
EDGE:139,140,0
EDGE:136,140,0
EDGE:131,136,0
EDGE:127,141,0
EDGE:141,142,0
EDGE:139,142,0
EDGE:128,129,0
EDGE:125,143,0
EDGE:143,144,0
EDGE:141,144,0
EDGE:123,145,0
EDGE:145,146,0
EDGE:143,146,0
EDGE:121,147,0
EDGE:147,148,0
EDGE:145,148,0
EDGE:147,150,0
EDGE:150,154,0
EDGE:154,155,0
EDGE:155,156,0
EDGE:148,156,0
EDGE:156,157,0
EDGE:157,158,0
EDGE:146,158,0
EDGE:158,159,0
EDGE:159,160,0
EDGE:144,160,0
EDGE:160,161,0
EDGE:161,162,0
EDGE:142,162,0
EDGE:162,163,0
EDGE:163,164,0
EDGE:140,164,0
EDGE:164,165,0
EDGE:165,166,0
EDGE:137,166,0
EDGE:136,137,0
