NUMCELLS:61
NUMVERTS:150
NUMEDGES:132
ROBBERCELL:-1
CELL:140,180,6,0,1,2,3,4,5,5,3,3
CELL:170,160,6,2,6,7,8,9,3,5,12,4
CELL:200,140,6,7,10,11,12,13,8,5,2,1
CELL:230,120,6,11,14,15,16,17,12,5,11,3
CELL:260,100,6,15,18,19,20,21,16,2,0,0
CELL:260,140,6,17,16,21,22,23,24,3,0,4
CELL:230,160,6,13,12,17,24,25,26,5,5,0
CELL:260,180,6,25,24,23,27,28,29,2,0,0
CELL:200,180,6,9,8,13,26,30,31,1,0,0
CELL:230,200,6,30,26,25,29,32,33,5,8,4
CELL:260,220,6,32,29,28,34,35,36,4,0,4
CELL:170,200,6,4,3,9,31,37,38,5,6,1
CELL:200,220,6,37,31,30,33,39,40,5,10,2
CELL:230,240,6,39,33,32,36,41,42,5,9,1
CELL:260,260,6,41,36,35,43,44,45,2,0,0
CELL:110,160,6,46,47,48,1,0,49,5,4,3
CELL:80,140,6,50,51,52,47,46,53,5,3,4
CELL:50,120,6,54,55,56,51,50,57,5,6,1
CELL:20,100,6,58,59,60,55,54,61,2,0,0
CELL:20,140,6,62,61,54,57,63,64,4,0,0
CELL:50,160,6,63,57,50,53,65,66,5,2,2
CELL:20,180,6,67,64,63,66,68,69,2,0,0
CELL:80,180,6,65,53,46,49,70,71,1,0,0
CELL:50,200,6,68,66,65,71,72,73,5,11,0
CELL:20,220,6,74,69,68,73,75,76,3,0,3
CELL:110,200,6,70,49,0,5,77,78,5,5,4
CELL:80,220,6,72,71,70,78,79,80,5,8,1
CELL:50,240,6,75,73,72,80,81,82,5,6,3
CELL:20,260,6,83,76,75,82,84,85,2,0,0
CELL:140,140,6,48,86,87,6,2,1,5,10,0
CELL:140,100,6,88,89,90,91,87,86,5,9,3
CELL:140,60,6,92,93,94,95,90,89,5,4,0
CELL:140,20,6,96,97,98,99,94,93,2,0,0
CELL:170,40,6,94,99,100,101,102,95,3,0,1
CELL:110,40,6,103,104,96,93,92,105,4,4,3
CELL:170,80,6,90,95,102,106,107,91,5,3,2
CELL:200,60,6,102,101,108,109,110,106,2,0,0
CELL:110,80,6,111,105,92,89,88,112,5,12,3
CELL:80,60,6,113,114,103,105,111,115,2,0,0
CELL:170,120,6,87,91,107,10,7,6,5,2,0
CELL:200,100,6,107,106,110,14,11,10,5,11,4
CELL:230,80,6,110,109,116,18,15,14,4,0,2
CELL:110,120,6,52,112,88,86,48,47,5,5,4
CELL:80,100,6,56,115,111,112,52,51,5,5,2
CELL:50,80,6,60,117,113,115,56,55,3,0,2
CELL:140,220,6,77,5,4,38,118,119,5,6,0
CELL:140,260,6,120,119,118,121,122,123,5,10,3
CELL:140,300,6,124,123,122,125,126,127,5,9,0
CELL:140,340,6,128,127,126,129,130,131,2,0,0
CELL:170,320,6,126,125,132,133,134,129,4,0,0
CELL:110,320,6,135,136,124,127,128,137,3,0,0
CELL:170,280,6,122,121,138,139,132,125,5,4,2
CELL:200,300,6,132,139,140,141,142,133,2,0,0
CELL:110,280,6,143,144,120,123,124,136,5,3,3
CELL:80,300,6,145,146,143,136,135,147,2,0,0
CELL:170,240,6,118,38,37,40,138,121,5,12,0
CELL:200,260,6,138,40,39,42,140,139,5,2,3
CELL:230,280,6,140,42,41,45,148,141,3,0,4
CELL:110,240,6,79,78,77,119,120,144,5,11,1
CELL:80,260,6,81,80,79,144,143,146,5,5,2
CELL:50,280,6,84,82,81,146,145,149,4,0,0
VERTEX:120,180,0,0,1
VERTEX:130,160,0,0,1
VERTEX:150,160,0,0,1
VERTEX:160,180,0,0,1
VERTEX:150,200,0,0,1
VERTEX:130,200,0,0,1
VERTEX:160,140,0,0,1
VERTEX:180,140,0,0,1
VERTEX:190,160,0,0,1
VERTEX:180,180,0,0,1
VERTEX:190,120,0,0,1
VERTEX:210,120,0,0,1
VERTEX:220,140,0,0,1
VERTEX:210,160,0,0,1
VERTEX:220,100,0,0,1
VERTEX:240,100,0,0,1
VERTEX:250,120,0,0,1
VERTEX:240,140,0,0,1
VERTEX:250,80,0,0,0
VERTEX:270,80,0,0,0
VERTEX:280,100,0,0,0
VERTEX:270,120,0,0,0
VERTEX:280,140,0,0,0
VERTEX:270,160,0,0,0
VERTEX:250,160,0,0,1
VERTEX:240,180,0,0,1
VERTEX:220,180,0,0,1
VERTEX:280,180,0,0,0
VERTEX:270,200,0,0,0
VERTEX:250,200,0,0,1
VERTEX:210,200,0,0,1
VERTEX:190,200,0,0,1
VERTEX:240,220,0,0,1
VERTEX:220,220,0,0,1
VERTEX:280,220,0,0,0
VERTEX:270,240,0,0,0
VERTEX:250,240,0,0,1
VERTEX:180,220,0,0,1
VERTEX:160,220,0,0,1
VERTEX:210,240,0,0,1
VERTEX:190,240,0,0,1
VERTEX:240,260,0,0,1
VERTEX:220,260,0,0,1
VERTEX:280,260,0,0,0
VERTEX:270,280,0,0,0
VERTEX:250,280,0,0,0
VERTEX:90,160,0,0,1
VERTEX:100,140,0,0,1
VERTEX:120,140,0,0,1
VERTEX:100,180,0,0,1
VERTEX:60,140,0,0,1
VERTEX:70,120,0,0,1
VERTEX:90,120,0,0,1
VERTEX:70,160,0,0,1
VERTEX:30,120,0,0,1
VERTEX:40,100,0,0,1
VERTEX:60,100,0,0,1
VERTEX:40,140,0,0,1
VERTEX:0,100,0,0,0
VERTEX:10,80,0,0,0
VERTEX:30,80,0,0,0
VERTEX:10,120,0,0,0
VERTEX:0,140,0,0,0
VERTEX:30,160,0,0,1
VERTEX:10,160,0,0,0
VERTEX:60,180,0,0,1
VERTEX:40,180,0,0,1
VERTEX:0,180,0,0,0
VERTEX:30,200,0,0,1
VERTEX:10,200,0,0,0
VERTEX:90,200,0,0,1
VERTEX:70,200,0,0,1
VERTEX:60,220,0,0,1
VERTEX:40,220,0,0,1
VERTEX:0,220,0,0,0
VERTEX:30,240,0,0,1
VERTEX:10,240,0,0,0
VERTEX:120,220,0,0,1
VERTEX:100,220,0,0,1
VERTEX:90,240,0,0,1
VERTEX:70,240,0,0,1
VERTEX:60,260,0,0,1
VERTEX:40,260,0,0,1
VERTEX:0,260,0,0,0
VERTEX:30,280,0,0,0
VERTEX:10,280,0,0,0
VERTEX:130,120,0,0,1
VERTEX:150,120,0,0,1
VERTEX:120,100,0,0,1
VERTEX:130,80,0,0,1
VERTEX:150,80,0,0,1
VERTEX:160,100,0,0,1
VERTEX:120,60,0,0,1
VERTEX:130,40,0,0,1
VERTEX:150,40,0,0,1
VERTEX:160,60,0,0,1
VERTEX:120,20,0,0,0
VERTEX:130,0,0,0,0
VERTEX:150,0,0,0,0
VERTEX:160,20,0,0,0
VERTEX:180,20,0,0,0
VERTEX:190,40,0,0,0
VERTEX:180,60,0,0,1
VERTEX:90,40,0,0,0
VERTEX:100,20,0,0,0
VERTEX:100,60,0,0,1
VERTEX:190,80,0,0,1
VERTEX:180,100,0,0,1
VERTEX:210,40,0,0,0
VERTEX:220,60,0,0,0
VERTEX:210,80,0,0,1
VERTEX:90,80,0,0,1
VERTEX:100,100,0,0,1
VERTEX:60,60,0,0,0
VERTEX:70,40,0,0,0
VERTEX:70,80,0,0,1
VERTEX:240,60,0,0,0
VERTEX:40,60,0,0,0
VERTEX:150,240,0,0,1
VERTEX:130,240,0,0,1
VERTEX:120,260,0,0,1
VERTEX:160,260,0,0,1
VERTEX:150,280,0,0,1
VERTEX:130,280,0,0,1
VERTEX:120,300,0,0,1
VERTEX:160,300,0,0,1
VERTEX:150,320,0,0,1
VERTEX:130,320,0,0,1
VERTEX:120,340,0,0,0
VERTEX:160,340,0,0,0
VERTEX:150,360,0,0,0
VERTEX:130,360,0,0,0
VERTEX:180,300,0,0,1
VERTEX:190,320,0,0,0
VERTEX:180,340,0,0,0
VERTEX:90,320,0,0,0
VERTEX:100,300,0,0,1
VERTEX:100,340,0,0,0
VERTEX:180,260,0,0,1
VERTEX:190,280,0,0,1
VERTEX:210,280,0,0,1
VERTEX:220,300,0,0,0
VERTEX:210,320,0,0,0
VERTEX:90,280,0,0,1
VERTEX:100,260,0,0,1
VERTEX:60,300,0,0,0
VERTEX:70,280,0,0,1
VERTEX:70,320,0,0,0
VERTEX:240,300,0,0,0
VERTEX:40,300,0,0,0
EDGE:0,1,0
EDGE:1,2,0
EDGE:2,3,0
EDGE:3,4,0
EDGE:4,5,0
EDGE:0,5,0
EDGE:2,6,0
EDGE:6,7,0
EDGE:7,8,0
EDGE:8,9,0
EDGE:3,9,0
EDGE:7,10,0
EDGE:10,11,0
EDGE:11,12,0
EDGE:12,13,0
EDGE:8,13,0
EDGE:11,14,0
EDGE:14,15,0
EDGE:15,16,0
EDGE:16,17,0
EDGE:12,17,0
EDGE:17,24,0
EDGE:24,25,0
EDGE:25,26,0
EDGE:13,26,0
EDGE:26,30,0
EDGE:30,31,0
EDGE:9,31,0
EDGE:25,29,0
EDGE:29,32,0
EDGE:32,33,0
EDGE:30,33,0
EDGE:31,37,0
EDGE:37,38,0
EDGE:4,38,0
EDGE:33,39,0
EDGE:39,40,0
EDGE:37,40,0
EDGE:32,36,0
EDGE:36,41,0
EDGE:41,42,0
EDGE:39,42,0
EDGE:46,47,0
EDGE:47,48,0
EDGE:1,48,0
EDGE:0,49,0
EDGE:46,49,0
EDGE:50,51,0
EDGE:51,52,0
EDGE:47,52,0
EDGE:46,53,0
EDGE:50,53,0
EDGE:54,55,0
EDGE:55,56,0
EDGE:51,56,0
EDGE:50,57,0
EDGE:54,57,0
EDGE:57,63,0
EDGE:53,65,0
EDGE:65,66,0
EDGE:63,66,0
EDGE:49,70,0
EDGE:70,71,0
EDGE:65,71,0
EDGE:66,68,0
EDGE:71,72,0
EDGE:72,73,0
EDGE:68,73,0
EDGE:5,77,0
EDGE:77,78,0
EDGE:70,78,0
EDGE:78,79,0
EDGE:79,80,0
EDGE:72,80,0
EDGE:73,75,0
EDGE:80,81,0
EDGE:81,82,0
EDGE:75,82,0
EDGE:48,86,0
EDGE:86,87,0
EDGE:6,87,0
EDGE:88,89,0
EDGE:89,90,0
EDGE:90,91,0
EDGE:87,91,0
EDGE:86,88,0
EDGE:92,93,0
EDGE:93,94,0
EDGE:94,95,0
EDGE:90,95,0
EDGE:89,92,0
EDGE:95,102,0
EDGE:102,106,0
EDGE:106,107,0
EDGE:91,107,0
EDGE:105,111,0
EDGE:92,105,0
EDGE:88,112,0
EDGE:111,112,0
EDGE:10,107,0
EDGE:106,110,0
EDGE:14,110,0
EDGE:52,112,0
EDGE:56,115,0
EDGE:111,115,0
EDGE:38,118,0
EDGE:118,119,0
EDGE:77,119,0
EDGE:119,120,0
EDGE:118,121,0
EDGE:121,122,0
EDGE:122,123,0
EDGE:120,123,0
EDGE:123,124,0
EDGE:122,125,0
EDGE:125,126,0
EDGE:126,127,0
EDGE:124,127,0
EDGE:121,138,0
EDGE:138,139,0
EDGE:132,139,0
EDGE:125,132,0
EDGE:143,144,0
EDGE:120,144,0
EDGE:124,136,0
EDGE:136,143,0
EDGE:40,138,0
EDGE:42,140,0
EDGE:139,140,0
EDGE:79,144,0
EDGE:143,146,0
EDGE:81,146,0
