NUMPLAYERS:3
CURPLAYER:2
LONGEST_ROAD_PLAYER:-1
LARGEST_ARMY_PLAYER:-1
Monopoly:3
YearOfPlenty:5
RoadBuilding:20
Victory:4
Soldier:49
cc.game.soc.swing.GUIPlayerAI 1 {
ROADLEN:0
Wood:0
Sheep:0
Ore:0
Wheat:0
Brick:0
Soldier:2
Soldier:2
Soldier:2
COLOR:0,0,255
}
cc.game.soc.swing.GUIPlayerAI 2 {
ROADLEN:2
Wood:0
Sheep:0
Ore:1
Wheat:0
Brick:0
Victory:4
Soldier:1
Soldier:4
COLOR:255,0,0
}
cc.game.soc.swing.GUIPlayerAI 3 {
ROADLEN:0
Wood:0
Sheep:0
Ore:0
Wheat:0
Brick:0
COLOR:255,0,255
}
VERSION:1
CELLWIDTH:0.16666667
CELLHEIGHT:0.16666667
NUMCELLS:39
NUMVERTS:104
NUMEDGES:120
ROBBERCELL:26
CELL:0.083333336,0.083333336,6,0,1,2,3,4,5,3,0,1
CELL:0.083333336,0.25,6,6,5,4,7,8,9,5,4,1
CELL:0.083333336,0.4166667,6,10,9,8,11,12,13,5,10,0
CELL:0.083333336,0.5833334,6,14,13,12,15,16,17,5,8,2
CELL:0.083333336,0.75000006,6,18,17,16,19,20,21,5,5,2
CELL:0.20833334,0.66666675,6,16,15,22,23,24,19,5,9,3
CELL:0.20833334,0.50000006,6,12,11,25,26,22,15,5,10,1
CELL:0.20833334,0.33333337,6,8,7,27,28,25,11,5,6,0
CELL:0.20833334,0.1666667,6,4,3,29,30,27,7,5,6,1
CELL:0.33333334,0.083333366,6,29,31,32,33,34,30,5,9,0
CELL:0.33333334,0.25000003,6,27,30,34,35,36,28,5,4,4
CELL:0.33333334,0.4166667,6,25,28,36,37,38,26,5,12,4
CELL:0.33333334,0.5833334,6,22,26,38,39,40,23,5,11,2
CELL:0.33333334,0.75000006,6,24,23,40,41,42,43,5,5,3
CELL:0.45833334,0.66666675,6,40,39,44,45,46,41,5,5,1
CELL:0.45833334,0.50000006,6,38,37,47,48,44,39,5,11,4
CELL:0.45833334,0.33333337,6,36,35,49,50,47,37,4,0,4
CELL:0.45833334,0.1666667,6,34,33,51,52,49,35,5,6,4
CELL:0.5833334,0.083333366,6,51,53,54,55,56,52,5,6,2
CELL:0.5833334,0.25000003,6,49,52,56,57,58,50,5,6,4
CELL:0.5833334,0.4166667,6,47,50,58,59,60,48,5,10,4
CELL:0.5833334,0.5833334,6,44,48,60,61,62,45,5,8,0
CELL:0.5833334,0.75000006,6,46,45,62,63,64,65,5,9,2
CELL:0.7083334,0.66666675,6,62,61,66,67,68,63,5,8,3
CELL:0.7083334,0.50000006,6,60,59,69,70,66,61,5,8,1
CELL:0.7083334,0.33333337,6,58,57,71,72,69,59,5,8,3
CELL:0.7083334,0.1666667,6,56,55,73,74,71,57,5,6,3
CELL:0.8333334,0.083333366,6,73,75,76,77,78,74,3,0,3
CELL:0.8333334,0.25000003,6,71,74,78,79,80,72,5,5,3
CELL:0.8333334,0.4166667,6,69,72,80,81,82,70,5,4,0
CELL:0.8333334,0.5833334,6,66,70,82,83,84,67,5,3,2
CELL:0.8333334,0.75000006,6,68,67,84,85,86,87,5,4,0
CELL:0.7083334,0.8333334,6,64,63,68,87,88,89,5,8,0
CELL:0.8333334,0.9166667,6,88,87,86,90,91,92,3,0,0
CELL:0.5833334,0.9166667,6,93,65,64,89,94,95,2,0,0
CELL:0.4583334,0.8333334,6,42,41,46,65,93,96,5,8,3
CELL:0.3333334,0.9166667,6,97,43,42,96,98,99,2,0,0
CELL:0.20833339,0.8333334,6,20,19,24,43,97,100,5,5,2
CELL:0.08333339,0.9166667,6,101,21,20,100,102,103,3,0,2
VERTEX:0.0,0.083333336,0,0,0
VERTEX:0.041666668,0.0,0,0,0
VERTEX:0.125,0.0,0,0,0
VERTEX:0.16666667,0.083333336,0,0,1
VERTEX:0.125,0.16666667,0,0,1
VERTEX:0.041666668,0.16666667,0,0,1
VERTEX:0.0,0.25,0,0,1
VERTEX:0.16666667,0.25,0,0,1
VERTEX:0.125,0.33333334,0,0,1
VERTEX:0.041666668,0.33333334,0,0,1
VERTEX:0.0,0.4166667,0,0,1
VERTEX:0.16666667,0.4166667,0,0,1
VERTEX:0.125,0.5,0,0,1
VERTEX:0.041666668,0.5,0,0,1
VERTEX:0.0,0.5833334,0,0,1
VERTEX:0.16666667,0.5833334,0,0,1
VERTEX:0.125,0.6666667,0,0,1
VERTEX:0.041666668,0.6666667,0,0,1
VERTEX:0.0,0.75000006,0,0,1
VERTEX:0.16666667,0.75000006,0,0,1
VERTEX:0.125,0.8333334,0,0,1
VERTEX:0.041666668,0.8333334,0,0,1
VERTEX:0.25,0.58333343,0,0,1
VERTEX:0.2916667,0.66666675,0,0,1
VERTEX:0.25,0.75000006,0,0,1
VERTEX:0.25,0.41666672,0,0,1
VERTEX:0.2916667,0.50000006,1,0,1
VERTEX:0.25,0.25000003,0,0,1
VERTEX:0.2916667,0.33333337,0,0,1
VERTEX:0.25,0.083333366,0,0,1
VERTEX:0.2916667,0.1666667,0,0,1
VERTEX:0.2916667,2.9802322E-8,0,0,1
VERTEX:0.375,2.9802322E-8,0,0,1
VERTEX:0.4166667,0.083333366,0,0,1
VERTEX:0.375,0.1666667,0,0,1
VERTEX:0.4166667,0.25000003,0,0,1
VERTEX:0.375,0.33333337,0,0,1
VERTEX:0.4166667,0.4166667,0,0,1
VERTEX:0.375,0.5,0,0,1
VERTEX:0.4166667,0.5833334,1,0,1
VERTEX:0.375,0.6666667,0,0,1
VERTEX:0.4166667,0.75000006,0,0,1
VERTEX:0.375,0.8333334,0,0,1
VERTEX:0.2916667,0.8333334,0,0,1
VERTEX:0.5,0.58333343,0,0,1
VERTEX:0.5416667,0.66666675,0,0,1
VERTEX:0.5,0.75000006,0,0,1
VERTEX:0.5,0.41666672,0,0,1
VERTEX:0.5416667,0.50000006,0,0,1
VERTEX:0.5,0.25000003,0,0,1
VERTEX:0.5416667,0.33333337,0,0,1
VERTEX:0.5,0.083333366,0,0,1
VERTEX:0.5416667,0.1666667,0,0,1
VERTEX:0.5416667,2.9802322E-8,0,0,1
VERTEX:0.62500006,2.9802322E-8,0,0,1
VERTEX:0.6666667,0.083333366,0,0,1
VERTEX:0.62500006,0.1666667,0,0,1
VERTEX:0.6666667,0.25000003,0,0,1
VERTEX:0.62500006,0.33333337,0,0,1
VERTEX:0.6666667,0.4166667,0,0,1
VERTEX:0.62500006,0.5,2,0,1
VERTEX:0.6666667,0.5833334,0,0,1
VERTEX:0.62500006,0.6666667,3,0,1
VERTEX:0.6666667,0.75000006,0,0,1
VERTEX:0.62500006,0.8333334,0,0,1
VERTEX:0.5416667,0.8333334,0,0,1
VERTEX:0.75000006,0.58333343,2,0,1
VERTEX:0.7916667,0.66666675,0,0,1
VERTEX:0.75000006,0.75000006,0,0,1
VERTEX:0.75000006,0.41666672,2,0,1
VERTEX:0.7916667,0.50000006,0,0,1
VERTEX:0.75000006,0.25000003,0,0,1
VERTEX:0.7916667,0.33333337,0,0,1
VERTEX:0.75000006,0.083333366,0,0,1
VERTEX:0.7916667,0.1666667,3,0,1
VERTEX:0.7916667,2.9802322E-8,0,0,0
VERTEX:0.87500006,2.9802322E-8,0,0,0
VERTEX:0.9166667,0.083333366,0,0,0
VERTEX:0.87500006,0.1666667,0,0,1
VERTEX:0.9166667,0.25000003,0,0,1
VERTEX:0.87500006,0.33333337,0,0,1
VERTEX:0.9166667,0.4166667,0,0,1
VERTEX:0.87500006,0.5,0,0,1
VERTEX:0.9166667,0.5833334,0,0,1
VERTEX:0.87500006,0.6666667,0,0,1
VERTEX:0.9166667,0.75000006,0,0,1
VERTEX:0.87500006,0.8333334,0,0,1
VERTEX:0.7916667,0.8333334,0,0,1
VERTEX:0.75000006,0.9166667,0,0,1
VERTEX:0.6666667,0.9166667,0,0,1
VERTEX:0.9166667,0.9166667,0,0,0
VERTEX:0.87500006,1.0,0,0,0
VERTEX:0.7916667,1.0,0,0,0
VERTEX:0.50000006,0.9166667,0,0,1
VERTEX:0.62500006,1.0,0,0,0
VERTEX:0.5416667,1.0,0,0,0
VERTEX:0.41666675,0.9166667,0,0,1
VERTEX:0.25000006,0.9166667,0,0,1
VERTEX:0.37500006,1.0,0,0,0
VERTEX:0.29166675,1.0,0,0,0
VERTEX:0.16666672,0.9166667,0,0,1
VERTEX:5.2154064E-8,0.9166667,0,0,0
VERTEX:0.12500006,1.0,0,0,0
VERTEX:0.04166672,1.0,0,0,0
EDGE:5,6,0
EDGE:4,5,0
EDGE:4,7,0
EDGE:7,8,0
EDGE:8,9,0
EDGE:6,9,0
EDGE:9,10,0
EDGE:8,11,0
EDGE:11,12,0
EDGE:12,13,0
EDGE:10,13,0
EDGE:13,14,0
EDGE:12,15,0
EDGE:15,16,0
EDGE:16,17,0
EDGE:14,17,0
EDGE:17,18,0
EDGE:16,19,0
EDGE:19,20,0
EDGE:20,21,0
EDGE:18,21,0
EDGE:15,22,1
EDGE:22,23,0
EDGE:23,24,0
EDGE:19,24,0
EDGE:11,25,0
EDGE:25,26,0
EDGE:22,26,1
EDGE:7,27,0
EDGE:27,28,0
EDGE:25,28,0
EDGE:3,4,0
EDGE:3,29,0
EDGE:29,30,0
EDGE:27,30,0
EDGE:29,31,0
EDGE:31,32,0
EDGE:32,33,0
EDGE:33,34,0
EDGE:30,34,0
EDGE:34,35,0
EDGE:35,36,0
EDGE:28,36,0
EDGE:36,37,0
EDGE:37,38,0
EDGE:26,38,0
EDGE:38,39,0
EDGE:39,40,0
EDGE:23,40,0
EDGE:40,41,0
EDGE:41,42,0
EDGE:42,43,0
EDGE:24,43,0
EDGE:39,44,0
EDGE:44,45,0
EDGE:45,46,0
EDGE:41,46,0
EDGE:37,47,0
EDGE:47,48,0
EDGE:44,48,0
EDGE:33,51,0
EDGE:51,52,0
EDGE:49,52,0
EDGE:35,49,0
EDGE:51,53,0
EDGE:53,54,0
EDGE:54,55,0
EDGE:55,56,0
EDGE:52,56,0
EDGE:56,57,0
EDGE:57,58,0
EDGE:50,58,0
EDGE:49,50,0
EDGE:47,50,0
EDGE:58,59,0
EDGE:59,60,0
EDGE:48,60,0
EDGE:60,61,3
EDGE:61,62,3
EDGE:45,62,0
EDGE:62,63,0
EDGE:63,64,0
EDGE:64,65,0
EDGE:46,65,0
EDGE:61,66,0
EDGE:66,67,0
EDGE:67,68,0
EDGE:63,68,0
EDGE:59,69,0
EDGE:69,70,2
EDGE:66,70,2
EDGE:57,71,0
EDGE:71,72,0
EDGE:69,72,0
EDGE:55,73,0
EDGE:73,74,0
EDGE:71,74,0
EDGE:74,78,0
EDGE:78,79,0
EDGE:79,80,0
EDGE:72,80,0
EDGE:80,81,0
EDGE:81,82,0
EDGE:70,82,2
EDGE:82,83,0
EDGE:83,84,0
EDGE:67,84,0
EDGE:84,85,0
EDGE:85,86,0
EDGE:86,87,0
EDGE:68,87,0
EDGE:87,88,0
EDGE:88,89,0
EDGE:64,89,0
EDGE:65,93,0
EDGE:93,96,0
EDGE:42,96,0
EDGE:43,97,0
EDGE:97,100,0
EDGE:20,100,0
